{
  "Live": 0.00000000001591,
  "Minute": 0.00000000001591,
  "Minute_Fluctuation": 0.18026706231454007,
  "Minute_5": 0.0000000000150685637089833,
  "Minute_5_Fluctuation": 0.086909694155016176,
  "Minute_10": 0.0000000000157707505983443,
  "Minute_10_Fluctuation": 0.092939995434697387,
  "Hour": 0.0000000000156802346367779,
  "Hour_Fluctuation": 0.0547041308225236,
  "Day": 0.0000000000149070171827199,
  "Day_Fluctuation": 0.0033783462639526037,
  "Week": 0.0000000000149067192663448,
  "Week_Fluctuation": 0.0033541686631520084,
  "Duration": "1.00:31:02.3799241",
  "Updated": "2018-04-28T14:33:37.9938764Z"
}
