{
  "Live": 0.00000000000034,
  "Minute": 0.00000000000034,
  "Minute_Fluctuation": 0.15000000000000011,
  "Minute_5": 0.000000000000423553521196127,
  "Minute_5_Fluctuation": 0.18124788682619408,
  "Minute_10": 0.000000000000480354998453033,
  "Minute_10_Fluctuation": 0.14258268415575015,
  "Hour": 0.00000000000056262003606601,
  "Hour_Fluctuation": 0.046224905578989388,
  "Day": 0.000000000000588716454305841,
  "Day_Fluctuation": 0.0023830239029163716,
  "Week": 0.000000000000588735047894069,
  "Week_Fluctuation": 0.0023510568277158778,
  "Duration": "1.00:31:02.3799241",
  "Updated": "2018-04-28T14:33:15.6547114Z"
}
