{
  "Live": 0.00000000001088,
  "Minute": 0.00000000001088,
  "Minute_Fluctuation": 2.0476190476190474,
  "Minute_5": 0.00000000000569527319195862,
  "Minute_5_Fluctuation": 0.55613299386726356,
  "Minute_10": 0.00000000000496404395039689,
  "Minute_10_Fluctuation": 0.31598554148964797,
  "Hour": 0.00000000000510209595462628,
  "Hour_Fluctuation": 0.10534610286286186,
  "Day": 0.00000000000547785439942253,
  "Day_Fluctuation": 0.0058232230826573061,
  "Week": 0.00000000000547803102939328,
  "Week_Fluctuation": 0.0057533583814916795,
  "Duration": "1.00:32:04.4500818",
  "Updated": "2018-04-28T14:32:59.7911592Z"
}
