{
  "Live": 0.00000000000081817,
  "Minute": 0.00000000000081817,
  "Minute_Fluctuation": 0.28738285196669333,
  "Minute_5": 0.00000000000136272654194784,
  "Minute_5_Fluctuation": 0.60996124036358323,
  "Minute_10": 0.00000000000156020121692265,
  "Minute_10_Fluctuation": 0.64838217380770369,
  "Hour": 0.00000000000134691751160065,
  "Hour_Fluctuation": 0.20526438465789551,
  "Day": 0.00000000000124948814588626,
  "Day_Fluctuation": 0.0097758011686798242,
  "Week": 0.00000000000124941124164696,
  "Week_Fluctuation": 0.0096532828757272763,
  "Duration": "1.00:31:02.3799241",
  "Updated": "2018-04-28T14:33:13.6609168Z"
}
