{
  "Live": 0.00000000000003,
  "Minute": 0.00000000000003,
  "Minute_Fluctuation": 0.0,
  "Minute_5": 0.0000000000000350245779996085,
  "Minute_5_Fluctuation": 0.12804720953071658,
  "Minute_10": 0.0000000000000374260778799507,
  "Minute_10_Fluctuation": 0.09784193476165999,
  "Hour": 0.0000000000000398682820326855,
  "Hour_Fluctuation": 0.035139345861378346,
  "Day": 0.0000000000000400023652377838,
  "Day_Fluctuation": 0.0017170936622642884,
  "Week": 0.0000000000000400027232580844,
  "Week_Fluctuation": 0.0017007928345683862,
  "Duration": "1.00:32:04.4500818",
  "Updated": "2018-04-28T14:21:44.0058025Z"
}
