{
  "Live": 0.00000000002459,
  "Minute": 0.00000000002459,
  "Minute_Fluctuation": 0.00040650406504072256,
  "Minute_5": 0.000000000025067580574808,
  "Minute_5_Fluctuation": 0.042408367191879431,
  "Minute_10": 0.0000000000250945640568982,
  "Minute_10_Fluctuation": 0.048422767659616686,
  "Hour": 0.0000000000282411281923915,
  "Hour_Fluctuation": 0.061959640937649177,
  "Day": 0.000000000030485802994285,
  "Day_Fluctuation": 0.004023232649478189,
  "Week": 0.0000000000304870970067694,
  "Week_Fluctuation": 0.0039816639166579543,
  "Duration": "1.00:32:04.4500818",
  "Updated": "2018-04-28T14:32:52.7869403Z"
}
