{
  "Live": 0.00000000000931,
  "Minute": 0.00000000000931,
  "Minute_Fluctuation": 0.01971522453450178,
  "Minute_5": 0.00000000000971424260558005,
  "Minute_5_Fluctuation": 0.2028294014763683,
  "Minute_10": 0.00000000000964104847516847,
  "Minute_10_Fluctuation": 0.17214836895165705,
  "Hour": 0.0000000000110688000557422,
  "Hour_Fluctuation": 0.079223766930226952,
  "Day": 0.000000000011915427507265,
  "Day_Fluctuation": 0.0043876430097403605,
  "Week": 0.000000000011915989062884,
  "Week_Fluctuation": 0.0043411551290186883,
  "Duration": "1.00:32:04.4500818",
  "Updated": "2018-04-28T14:32:50.0783591Z"
}
