{
  "Live": 0.00000000000002584,
  "Minute": 0.00000000000002584,
  "Minute_Fluctuation": 0.18408588569624246,
  "Minute_5": 0.0000000000000260179033272648,
  "Minute_5_Fluctuation": 0.17558653602682284,
  "Minute_10": 0.0000000000000242699281091573,
  "Minute_10_Fluctuation": 0.17625029321218338,
  "Hour": 0.0000000000000234142681016881,
  "Hour_Fluctuation": 0.056611524604477804,
  "Day": 0.0000000000000235596072337614,
  "Day_Fluctuation": 0.0027743906872649618,
  "Week": 0.0000000000000235596145183079,
  "Week_Fluctuation": 0.0027425297523382308,
  "Duration": "1.00:32:04.4500818",
  "Updated": "2018-04-28T14:32:47.540115Z"
}
