{
  "Live": 0.00000000001569,
  "Minute": 0.00000000001569,
  "Minute_Fluctuation": 0.0019083969465648132,
  "Minute_5": 0.0000000000169556971132385,
  "Minute_5_Fluctuation": 0.12518561686471136,
  "Minute_10": 0.0000000000185784601570548,
  "Minute_10_Fluctuation": 0.10976253497646307,
  "Hour": 0.0000000000202742283578148,
  "Hour_Fluctuation": 0.034473574029882076,
  "Day": 0.0000000000204458649726378,
  "Day_Fluctuation": 0.0017413759414392817,
  "Week": 0.0000000000204461102169063,
  "Week_Fluctuation": 0.0017174899577512013,
  "Duration": "1.00:31:02.3799241",
  "Updated": "2018-04-28T14:33:32.1215441Z"
}
