{
  "Live": 0.00000000000299,
  "Minute": 0.00000000000299,
  "Minute_Fluctuation": 0.53354134165366618,
  "Minute_5": 0.00000000000594225976059091,
  "Minute_5_Fluctuation": 0.49444145459710243,
  "Minute_10": 0.00000000000539897158181644,
  "Minute_10_Fluctuation": 0.56170378214519678,
  "Hour": 0.0000000000052755533215444,
  "Hour_Fluctuation": 0.21815389835463214,
  "Day": 0.0000000000061169346742567,
  "Day_Fluctuation": 0.011239501307648151,
  "Week": 0.00000000000611720508575303,
  "Week_Fluctuation": 0.011151272027618486,
  "Duration": "1.00:31:02.3799241",
  "Updated": "2018-04-28T14:33:22.855302Z"
}
