{
  "Live": 0.00000000000825,
  "Minute": 0.00000000000825,
  "Minute_Fluctuation": 0.098535286284953463,
  "Minute_5": 0.0000000000107479644650382,
  "Minute_5_Fluctuation": 0.31201678840754982,
  "Minute_10": 0.0000000000121345742728983,
  "Minute_10_Fluctuation": 0.24670868686785044,
  "Hour": 0.0000000000133533227942824,
  "Hour_Fluctuation": 0.081465059553997715,
  "Day": 0.000000000013956025068096,
  "Day_Fluctuation": 0.004271208388449646,
  "Week": 0.0000000000139563478780494,
  "Week_Fluctuation": 0.0042192728630382169,
  "Duration": "1.00:32:04.4500818",
  "Updated": "2018-04-28T14:32:54.0134587Z"
}
