{
  "Live": 0.00000000000099,
  "Minute": 0.00000000000099,
  "Minute_Fluctuation": 0.27737226277372262,
  "Minute_5": 0.00000000000158228744751204,
  "Minute_5_Fluctuation": 0.72319704210992342,
  "Minute_10": 0.0000000000017537620705909,
  "Minute_10_Fluctuation": 0.611645614379302,
  "Hour": 0.00000000000235164135963837,
  "Hour_Fluctuation": 0.26690197418175887,
  "Day": 0.00000000000249460177079955,
  "Day_Fluctuation": 0.014067870854980171,
  "Week": 0.00000000000249474861806634,
  "Week_Fluctuation": 0.013933201477714038,
  "Duration": "1.00:31:02.3799241",
  "Updated": "2018-04-28T14:33:25.1669454Z"
}
