{
  "Live": 0.00000000002242,
  "Minute": 0.00000000002242,
  "Minute_Fluctuation": 0.0,
  "Minute_5": 0.0000000000220942294239657,
  "Minute_5_Fluctuation": 0.030936348811267007,
  "Minute_10": 0.0000000000216006346895249,
  "Minute_10_Fluctuation": 0.034445101304066542,
  "Hour": 0.0000000000205486308166407,
  "Hour_Fluctuation": 0.018359648114785566,
  "Day": 0.0000000000201312545344992,
  "Day_Fluctuation": 0.0010490923699238734,
  "Week": 0.000000000020130976821055,
  "Week_Fluctuation": 0.0010354534648249021,
  "Duration": "1.00:31:02.3799241",
  "Updated": "2018-04-28T14:11:04.4245744Z"
}
