{
  "Live": 0.00000000000092,
  "Minute": 0.00000000000092,
  "Minute_Fluctuation": 0.2602739726027396,
  "Minute_5": 0.000000000000620226935560492,
  "Minute_5_Fluctuation": 0.45181515825900254,
  "Minute_10": 0.000000000000542637265217562,
  "Minute_10_Fluctuation": 0.29875380641947163,
  "Hour": 0.000000000000528245768877875,
  "Hour_Fluctuation": 0.095175945386738639,
  "Day": 0.000000000000558152977100858,
  "Day_Fluctuation": 0.0050528770929990155,
  "Week": 0.00000000000055816494667698,
  "Week_Fluctuation": 0.0049952118452988728,
  "Duration": "1.00:32:04.4500818",
  "Updated": "2018-04-28T14:32:51.5235576Z"
}
