{
  "Live": 0.0000000000004,
  "Minute": 0.0000000000004,
  "Minute_Fluctuation": 0.48148148148148129,
  "Minute_5": 0.000000000000342916007362423,
  "Minute_5_Fluctuation": 0.21387352065526027,
  "Minute_10": 0.000000000000342979388222756,
  "Minute_10_Fluctuation": 0.21863686949770786,
  "Hour": 0.000000000000380095201761989,
  "Hour_Fluctuation": 0.096003687109327079,
  "Day": 0.000000000000408421467763142,
  "Day_Fluctuation": 0.0051760265633723612,
  "Week": 0.000000000000408436264090782,
  "Week_Fluctuation": 0.00512489393636259,
  "Duration": "1.00:31:02.3799241",
  "Updated": "2018-04-28T14:33:18.213556Z"
}
