{
  "Live": 0.00000000001006,
  "Minute": 0.00000000001006,
  "Minute_Fluctuation": 0.027579162410623196,
  "Minute_5": 0.0000000000101706678062378,
  "Minute_5_Fluctuation": 0.086346964553456279,
  "Minute_10": 0.00000000000985137657107334,
  "Minute_10_Fluctuation": 0.10764151315873838,
  "Hour": 0.00000000000949494960150662,
  "Hour_Fluctuation": 0.049946770097096721,
  "Day": 0.00000000000954552520380406,
  "Day_Fluctuation": 0.0025444878094417721,
  "Week": 0.0000000000095455094889511,
  "Week_Fluctuation": 0.0025205204464210113,
  "Duration": "1.00:31:02.3799241",
  "Updated": "2018-04-28T14:33:09.7443984Z"
}
