{
  "Live": 0.00000000000018,
  "Minute": 0.00000000000018,
  "Minute_Fluctuation": 0.12499999999999994,
  "Minute_5": 0.000000000000168107724327311,
  "Minute_5_Fluctuation": 0.17102922359548497,
  "Minute_10": 0.000000000000158384928467183,
  "Minute_10_Fluctuation": 0.19180663421261684,
  "Hour": 0.000000000000176053318115191,
  "Hour_Fluctuation": 0.092161436925980736,
  "Day": 0.000000000000189304134713659,
  "Day_Fluctuation": 0.0050661699331501437,
  "Week": 0.000000000000189312509988098,
  "Week_Fluctuation": 0.0050200625337461363,
  "Duration": "1.00:31:02.3799241",
  "Updated": "2018-04-28T14:33:08.2012192Z"
}
