{
  "Live": 0.00000000002099,
  "Minute": 0.00000000002099,
  "Minute_Fluctuation": 0.15139879319802516,
  "Minute_5": 0.0000000000213514543521357,
  "Minute_5_Fluctuation": 0.24942842350937336,
  "Minute_10": 0.000000000019532592105117,
  "Minute_10_Fluctuation": 0.30765876121123187,
  "Hour": 0.0000000000194797691811033,
  "Hour_Fluctuation": 0.099338712406896221,
  "Day": 0.0000000000208292298595816,
  "Day_Fluctuation": 0.0051094661567468785,
  "Week": 0.0000000000208297781842936,
  "Week_Fluctuation": 0.0050614955509942685,
  "Duration": "1.00:31:02.3799241",
  "Updated": "2018-04-28T14:33:33.5589743Z"
}
