{
  "Live": 0.00000000005431,
  "Minute": 0.00000000005431,
  "Minute_Fluctuation": 0.14161529951003646,
  "Minute_5": 0.0000000000584839575982081,
  "Minute_5_Fluctuation": 0.10267310967207435,
  "Minute_10": 0.0000000000576258757800882,
  "Minute_10_Fluctuation": 0.084714375540260886,
  "Hour": 0.0000000000556811164786859,
  "Hour_Fluctuation": 0.035847366458382005,
  "Day": 0.0000000000548147557971029,
  "Day_Fluctuation": 0.0019380350751669294,
  "Week": 0.000000000054814190123274,
  "Week_Fluctuation": 0.0019201871449853886,
  "Duration": "1.00:31:02.3799241",
  "Updated": "2018-04-28T14:33:35.5408268Z"
}
