{
  "Live": 0.00000000000047,
  "Minute": 0.00000000000047,
  "Minute_Fluctuation": 0.20338983050847456,
  "Minute_5": 0.000000000106893086855654,
  "Minute_5_Fluctuation": 2.4099027076624178,
  "Minute_10": 0.00000000016375801417464,
  "Minute_10_Fluctuation": 1.8036765712175018,
  "Hour": 0.00000000053223801577024,
  "Hour_Fluctuation": 0.42451757543223634,
  "Day": 0.000000000812208600441297,
  "Day_Fluctuation": 0.021470020801114497,
  "Week": 0.000000000812361501891083,
  "Week_Fluctuation": 0.0212439636051065,
  "Duration": "1.00:32:04.4500818",
  "Updated": "2018-04-28T14:33:03.3882491Z"
}
