{
  "Live": 0.00000000000002862,
  "Minute": 0.00000000000002862,
  "Minute_Fluctuation": 0.1097324544397054,
  "Minute_5": 0.0000000000000249953385756091,
  "Minute_5_Fluctuation": 0.18581207565382413,
  "Minute_10": 0.0000000000000234205191244444,
  "Minute_10_Fluctuation": 0.20601986114232104,
  "Hour": 0.000000000000023438816329221,
  "Hour_Fluctuation": 0.10444116459639216,
  "Day": 0.0000000000000232390701147681,
  "Day_Fluctuation": 0.00571869001328557,
  "Week": 0.0000000000000232392141851171,
  "Week_Fluctuation": 0.005676635052616911,
  "Duration": "1.00:31:02.3799241",
  "Updated": "2018-04-28T14:33:28.0472859Z"
}
