{
  "Live": 0.00000000000468,
  "Minute": 0.00000000000468,
  "Minute_Fluctuation": 0.59183673469387765,
  "Minute_5": 0.000000000004455233256804,
  "Minute_5_Fluctuation": 0.42896733112450225,
  "Minute_10": 0.00000000000461855425600452,
  "Minute_10_Fluctuation": 0.51911117451538691,
  "Hour": 0.00000000000313082565671361,
  "Hour_Fluctuation": 0.26612837664446304,
  "Day": 0.00000000000245341311465423,
  "Day_Fluctuation": 0.015550634745376508,
  "Week": 0.00000000000245292401830215,
  "Week_Fluctuation": 0.015351435500086495,
  "Duration": "1.00:31:02.3799241",
  "Updated": "2018-04-28T14:33:20.9312185Z"
}
