{
  "Live": 0.00000000000031435,
  "Minute": 0.00000000000031435,
  "Minute_Fluctuation": 0.49704733784169924,
  "Minute_5": 0.000000000000227982285695468,
  "Minute_5_Fluctuation": 0.22887215853085097,
  "Minute_10": 0.000000000000208920343662144,
  "Minute_10_Fluctuation": 0.18465193622153225,
  "Hour": 0.000000000000232837802628351,
  "Hour_Fluctuation": 0.10302907589187286,
  "Day": 0.00000000000025674559655338,
  "Day_Fluctuation": 0.006067938867102534,
  "Week": 0.000000000000256758220915998,
  "Week_Fluctuation": 0.0060097219783014216,
  "Duration": "1.00:31:02.3799241",
  "Updated": "2018-04-28T14:33:12.4236841Z"
}
