{
  "Live": 0.00000000000000292,
  "Minute": 0.00000000000000292,
  "Minute_Fluctuation": 0.048859934853420217,
  "Minute_5": 0.0000000000000030239780174215,
  "Minute_5_Fluctuation": 0.029774272365685365,
  "Minute_10": 0.0000000000000030717831166209,
  "Minute_10_Fluctuation": 0.034234380431850328,
  "Hour": 0.0000000000000030823679213535,
  "Hour_Fluctuation": 0.023970582904851538,
  "Day": 0.0000000000000030893837805508,
  "Day_Fluctuation": 0.0013406923704151503,
  "Week": 0.0000000000000030893802091156,
  "Week_Fluctuation": 0.001331854337655896,
  "Duration": "1.00:32:04.4500818",
  "Updated": "2018-04-28T14:32:48.8426983Z"
}
