{
  "Live": 0.00000000000877,
  "Minute": 0.00000000000877,
  "Minute_Fluctuation": 0.00340909090909078,
  "Minute_5": 0.00000000000867754241307961,
  "Minute_5_Fluctuation": 0.029976886764807153,
  "Minute_10": 0.0000000000085356242794732,
  "Minute_10_Fluctuation": 0.037630302021850984,
  "Hour": 0.00000000000900484132731817,
  "Hour_Fluctuation": 0.038752285377281481,
  "Day": 0.00000000000946385302852032,
  "Day_Fluctuation": 0.0027272203951671059,
  "Week": 0.00000000000946409734169816,
  "Week_Fluctuation": 0.00270204817495118,
  "Duration": "1.00:32:04.4500818",
  "Updated": "2018-04-28T14:32:45.7401607Z"
}
