{
  "Live": 0.00000000016508,
  "Minute": 0.00000000016508,
  "Minute_Fluctuation": 0.16932521511598642,
  "Minute_5": 0.000000000157559089590167,
  "Minute_5_Fluctuation": 0.29850653618177825,
  "Minute_10": 0.000000000159113839870049,
  "Minute_10_Fluctuation": 0.27023742999115508,
  "Hour": 0.000000000166860374352745,
  "Hour_Fluctuation": 0.10071709212432081,
  "Day": 0.000000000168500217326425,
  "Day_Fluctuation": 0.0051402803535883623,
  "Week": 0.000000000168501246877034,
  "Week_Fluctuation": 0.0050866914867966758,
  "Duration": "1.00:31:02.3799241",
  "Updated": "2018-04-28T14:33:06.7592986Z"
}
