{
  "Live": 0.00000000000021734,
  "Minute": 0.00000000000021734,
  "Minute_Fluctuation": 0.47539203041205624,
  "Minute_5": 0.000000000000188561370552285,
  "Minute_5_Fluctuation": 0.26900761709550103,
  "Minute_10": 0.000000000000179803240811608,
  "Minute_10_Fluctuation": 0.27795809542919142,
  "Hour": 0.000000000000160952781560172,
  "Hour_Fluctuation": 0.13270224873079023,
  "Day": 0.0000000000001522272495863,
  "Day_Fluctuation": 0.00706339724213857,
  "Week": 0.000000000000152221909646109,
  "Week_Fluctuation": 0.0069893592712138913,
  "Duration": "1.00:31:02.3799241",
  "Updated": "2018-04-28T14:33:11.2130634Z"
}
