{
  "Live": 0.00000000000013,
  "Minute": 0.00000000000013,
  "Minute_Fluctuation": 0.0,
  "Minute_5": 0.000000000000133213255731278,
  "Minute_5_Fluctuation": 0.061491968902217052,
  "Minute_10": 0.000000000000141380967151184,
  "Minute_10_Fluctuation": 0.09258767790878962,
  "Hour": 0.000000000000156639431795931,
  "Hour_Fluctuation": 0.035318816881350204,
  "Day": 0.00000000000015987078762034,
  "Day_Fluctuation": 0.0016967347167450766,
  "Week": 0.000000000000159874054011789,
  "Week_Fluctuation": 0.0016728819009036529,
  "Duration": "1.00:32:04.4500818",
  "Updated": "2018-04-28T14:07:51.8209133Z"
}
