{
  "Live": 0.00000000000014,
  "Minute": 0.00000000000014,
  "Minute_Fluctuation": 0.12499999999999994,
  "Minute_5": 0.000000000000156244438491628,
  "Minute_5_Fluctuation": 0.198997696667406,
  "Minute_10": 0.000000000000176100345737003,
  "Minute_10_Fluctuation": 0.41136767327923146,
  "Hour": 0.000000000000181797651362013,
  "Hour_Fluctuation": 0.17930122736809395,
  "Day": 0.000000000000180075629585389,
  "Day_Fluctuation": 0.0089881916502894624,
  "Week": 0.000000000000180074608741391,
  "Week_Fluctuation": 0.0089014478145524462,
  "Duration": "1.00:31:02.3799241",
  "Updated": "2018-04-28T14:33:05.2366182Z"
}
