{
  "Live": 0.0000000000094,
  "Minute": 0.0000000000094,
  "Minute_Fluctuation": 0.22875816993464035,
  "Minute_5": 0.0000000000104893905300496,
  "Minute_5_Fluctuation": 0.26939240962602934,
  "Minute_10": 0.0000000000118398911480493,
  "Minute_10_Fluctuation": 0.21938585627301604,
  "Hour": 0.0000000000134892820593036,
  "Hour_Fluctuation": 0.055731081928001261,
  "Day": 0.0000000000139294465564802,
  "Day_Fluctuation": 0.0025410842208537878,
  "Week": 0.0000000000139295936767364,
  "Week_Fluctuation": 0.00252524598170333,
  "Duration": "1.00:16:29.2006564",
  "Updated": "2018-04-28T14:33:50.5190002Z"
}
