{
  "Live": 0.00000000001166,
  "Minute": 0.00000000001166,
  "Minute_Fluctuation": 0.32953249714937272,
  "Minute_5": 0.000000000010507125597043,
  "Minute_5_Fluctuation": 0.16916765245589194,
  "Minute_10": 0.0000000000110436537252061,
  "Minute_10_Fluctuation": 0.13014671965377766,
  "Hour": 0.000000000011235446429424,
  "Hour_Fluctuation": 0.036329492766609482,
  "Day": 0.0000000000111454478780648,
  "Day_Fluctuation": 0.0017213561127012566,
  "Week": 0.0000000000111454763320984,
  "Week_Fluctuation": 0.0017147392631952575,
  "Duration": "1.00:15:26.3733785",
  "Updated": "2018-04-28T14:34:19.6658104Z"
}
