{
  "Live": 0.00000000002506,
  "Minute": 0.00000000002506,
  "Minute_Fluctuation": 1.2893752066182221E-16,
  "Minute_5": 0.0000000000240810775030275,
  "Minute_5_Fluctuation": 0.091996778075524518,
  "Minute_10": 0.0000000000228381186050931,
  "Minute_10_Fluctuation": 0.0883389947768452,
  "Hour": 0.0000000000214781827768896,
  "Hour_Fluctuation": 0.023615247817130265,
  "Day": 0.0000000000212208978070142,
  "Day_Fluctuation": 0.0010709707597012391,
  "Week": 0.0000000000212207687791995,
  "Week_Fluctuation": 0.001063480786176865,
  "Duration": "1.00:16:29.2006564",
  "Updated": "2018-04-28T14:22:24.832803Z"
}
