{
  "Live": 0.00000000021565,
  "Minute": 0.00000000021565,
  "Minute_Fluctuation": 0.086890781714631368,
  "Minute_5": 0.000000000168672330084254,
  "Minute_5_Fluctuation": 0.30194550621264105,
  "Minute_10": 0.000000000159778288736051,
  "Minute_10_Fluctuation": 0.19208798985904543,
  "Hour": 0.000000000161527765519939,
  "Hour_Fluctuation": 0.046012673809233441,
  "Day": 0.000000000163603755636434,
  "Day_Fluctuation": 0.0021124405443562703,
  "Week": 0.000000000163603912251252,
  "Week_Fluctuation": 0.00210136638464624,
  "Duration": "1.00:16:29.2006564",
  "Updated": "2018-04-28T14:33:58.6325355Z"
}
