{
  "Live": 0.0000000001554,
  "Minute": 0.0000000001554,
  "Minute_Fluctuation": 0.41314199395770396,
  "Minute_5": 0.000000000208939190125641,
  "Minute_5_Fluctuation": 0.27730295931429461,
  "Minute_10": 0.000000000210237685451614,
  "Minute_10_Fluctuation": 0.22001406042733351,
  "Hour": 0.000000000247700215928291,
  "Hour_Fluctuation": 0.06499672846836671,
  "Day": 0.000000000264778094399318,
  "Day_Fluctuation": 0.0031929378389705717,
  "Week": 0.000000000264781455381167,
  "Week_Fluctuation": 0.0031804212749983202,
  "Duration": "1.00:16:29.2006564",
  "Updated": "2018-04-28T14:34:03.7440531Z"
}
