{
  "Live": 0.00000000000116,
  "Minute": 0.00000000000116,
  "Minute_Fluctuation": 0.016949152542372978,
  "Minute_5": 0.00000000000182049379083995,
  "Minute_5_Fluctuation": 0.83517796795889521,
  "Minute_10": 0.00000000000199677298653074,
  "Minute_10_Fluctuation": 0.50595375345619287,
  "Hour": 0.00000000000269876040615006,
  "Hour_Fluctuation": 0.11480543436561774,
  "Day": 0.0000000000029480536625344,
  "Day_Fluctuation": 0.005289988176885062,
  "Week": 0.00000000000294811741278313,
  "Week_Fluctuation": 0.0052640705809372957,
  "Duration": "1.00:16:29.2006564",
  "Updated": "2018-04-28T14:34:11.7333756Z"
}
