{
  "Live": 0.00000000001599,
  "Minute": 0.00000000001599,
  "Minute_Fluctuation": 0.0,
  "Minute_5": 0.0000000000170708680180804,
  "Minute_5_Fluctuation": 0.11971977472281919,
  "Minute_10": 0.0000000000185804685837273,
  "Minute_10_Fluctuation": 0.10975516382934022,
  "Hour": 0.0000000000204137254455172,
  "Hour_Fluctuation": 0.02724678643128153,
  "Day": 0.0000000000208029747216386,
  "Day_Fluctuation": 0.0012147803330720874,
  "Week": 0.0000000000208031363148854,
  "Week_Fluctuation": 0.0012066216821028149,
  "Duration": "1.00:15:26.3733785",
  "Updated": "2018-04-28T14:11:43.8616963Z"
}
