{
  "Live": 0.00000000000843,
  "Minute": 0.00000000000843,
  "Minute_Fluctuation": 1.3223140495867769,
  "Minute_5": 0.00000000000507146145935058,
  "Minute_5_Fluctuation": 0.39274899355068543,
  "Minute_10": 0.00000000000486997744975535,
  "Minute_10_Fluctuation": 0.27387098064829796,
  "Hour": 0.0000000000055826518897344,
  "Hour_Fluctuation": 0.07441053240859255,
  "Day": 0.00000000000590413858333142,
  "Day_Fluctuation": 0.0034662896774968611,
  "Week": 0.00000000000590420713655866,
  "Week_Fluctuation": 0.0034464927969203685,
  "Duration": "1.00:16:29.2006564",
  "Updated": "2018-04-28T14:33:54.6492813Z"
}
