{
  "Live": 0.0000000000192,
  "Minute": 0.0000000000192,
  "Minute_Fluctuation": 0.023454157782516024,
  "Minute_5": 0.0000000000211506196700324,
  "Minute_5_Fluctuation": 0.33027310659131204,
  "Minute_10": 0.0000000000199992497539459,
  "Minute_10_Fluctuation": 0.27890595095080778,
  "Hour": 0.00000000002037861880836,
  "Hour_Fluctuation": 0.067931380521649723,
  "Day": 0.0000000000210250019211638,
  "Day_Fluctuation": 0.0032165872581053695,
  "Week": 0.0000000000210249819222922,
  "Week_Fluctuation": 0.0032070751295572835,
  "Duration": "1.00:15:26.3733785",
  "Updated": "2018-04-28T14:34:17.1821261Z"
}
