{
  "Live": 0.00000000114413,
  "Minute": 0.00000000114413,
  "Minute_Fluctuation": 0.047258581235697907,
  "Minute_5": 0.00000000112570448741225,
  "Minute_5_Fluctuation": 0.079225946547515372,
  "Minute_10": 0.00000000113927456997632,
  "Minute_10_Fluctuation": 0.0681438075990727,
  "Hour": 0.00000000115082459097255,
  "Hour_Fluctuation": 0.017469656898721448,
  "Day": 0.00000000115433526234178,
  "Day_Fluctuation": 0.00080129049674594578,
  "Week": 0.00000000115433638373167,
  "Week_Fluctuation": 0.00079709219547722653,
  "Duration": "1.00:16:29.2006564",
  "Updated": "2018-04-28T14:34:04.9936738Z"
}
