{
  "Live": 0.00000000000012868,
  "Minute": 0.00000000000012868,
  "Minute_Fluctuation": 0.0088592708741669236,
  "Minute_5": 0.00000000000013192001906461,
  "Minute_5_Fluctuation": 0.078050102452476913,
  "Minute_10": 0.000000000000140656842302463,
  "Minute_10_Fluctuation": 0.094637388456337429,
  "Hour": 0.000000000000153280202420097,
  "Hour_Fluctuation": 0.02813861870092824,
  "Day": 0.000000000000156115331967058,
  "Day_Fluctuation": 0.0012957451578816009,
  "Week": 0.000000000000156116540751525,
  "Week_Fluctuation": 0.0012873869998686492,
  "Duration": "1.00:16:29.2006564",
  "Updated": "2018-04-28T14:33:51.9323812Z"
}
