{
  "Live": 0.00000000002284,
  "Minute": 0.00000000002284,
  "Minute_Fluctuation": 1.4146997669812892E-16,
  "Minute_5": 0.0000000000224920288901601,
  "Minute_5_Fluctuation": 0.0338637263772543,
  "Minute_10": 0.0000000000219076933224067,
  "Minute_10_Fluctuation": 0.041502007316836134,
  "Hour": 0.0000000000208094014487492,
  "Hour_Fluctuation": 0.01523514462652322,
  "Day": 0.000000000020485201419799,
  "Day_Fluctuation": 0.00074002887334205947,
  "Week": 0.00000000002048511053705,
  "Week_Fluctuation": 0.00073561689388977093,
  "Duration": "1.00:15:26.3733785",
  "Updated": "2018-04-28T14:07:57.1813592Z"
}
