{
  "Live": 0.00000000000035,
  "Minute": 0.00000000000035,
  "Minute_Fluctuation": 0.093749999999999917,
  "Minute_5": 0.00000000000039934401809744,
  "Minute_5_Fluctuation": 0.33122334390043862,
  "Minute_10": 0.000000000000400780086807941,
  "Minute_10_Fluctuation": 0.30178981567183127,
  "Hour": 0.000000000000398021136902669,
  "Hour_Fluctuation": 0.082285498586128908,
  "Day": 0.000000000000399882391158844,
  "Day_Fluctuation": 0.003775792536284231,
  "Week": 0.00000000000039988189156435,
  "Week_Fluctuation": 0.003759997402805487,
  "Duration": "1.00:16:29.2006564",
  "Updated": "2018-04-28T14:34:07.7446998Z"
}
