{
  "Live": 0.00000000000034,
  "Minute": 0.00000000000034,
  "Minute_Fluctuation": 0.33333333333333348,
  "Minute_5": 0.000000000000449992566212875,
  "Minute_5_Fluctuation": 0.19010580759630316,
  "Minute_10": 0.000000000000502940052907708,
  "Minute_10_Fluctuation": 0.13833460793034932,
  "Hour": 0.000000000000578955401994334,
  "Hour_Fluctuation": 0.035515278745127686,
  "Day": 0.000000000000599072138039486,
  "Day_Fluctuation": 0.0016127843487672151,
  "Week": 0.000000000000599079139943364,
  "Week_Fluctuation": 0.0016008037087254698,
  "Duration": "1.00:16:29.2006564",
  "Updated": "2018-04-28T14:34:06.3050333Z"
}
