{
  "Live": 0.00000000000004,
  "Minute": 0.00000000000004,
  "Minute_Fluctuation": 0.0,
  "Minute_5": 0.0000000000000406084861420756,
  "Minute_5_Fluctuation": 0.040136746842033007,
  "Minute_10": 0.0000000000000406341553419176,
  "Minute_10_Fluctuation": 0.025744212404074353,
  "Hour": 0.0000000000000401717371293464,
  "Hour_Fluctuation": 0.00467326082104119,
  "Day": 0.0000000000000400077817665236,
  "Day_Fluctuation": 0.0001952427287367166,
  "Week": 0.0000000000000400077272965057,
  "Week_Fluctuation": 0.00019386989294074698,
  "Duration": "1.00:16:29.2006564",
  "Updated": "2018-04-28T14:11:25.4782655Z"
}
