{
  "Live": 0.00000000026904,
  "Minute": 0.00000000026904,
  "Minute_Fluctuation": 1.0155828588552596,
  "Minute_5": 0.000000000177031466528058,
  "Minute_5_Fluctuation": 0.38326370375256696,
  "Minute_10": 0.000000000156752375169828,
  "Minute_10_Fluctuation": 0.27727434593256817,
  "Hour": 0.000000000151373484781372,
  "Hour_Fluctuation": 0.067507158504211878,
  "Day": 0.000000000153522182472385,
  "Day_Fluctuation": 0.0030505760584550561,
  "Week": 0.000000000153521679680078,
  "Week_Fluctuation": 0.0030352403131369949,
  "Duration": "1.00:16:29.2006564",
  "Updated": "2018-04-28T14:34:02.4973967Z"
}
