{
  "Live": 0.00000000000019,
  "Minute": 0.00000000000019,
  "Minute_Fluctuation": 0.1875,
  "Minute_5": 0.000000000000172971002291348,
  "Minute_5_Fluctuation": 0.13610750680272402,
  "Minute_10": 0.000000000000167039525409933,
  "Minute_10_Fluctuation": 0.11557877653628089,
  "Hour": 0.000000000000174499256180778,
  "Hour_Fluctuation": 0.035235636428082813,
  "Day": 0.000000000000179729286433962,
  "Day_Fluctuation": 0.0016944315881893498,
  "Week": 0.000000000000179729880024717,
  "Week_Fluctuation": 0.0016894292623616186,
  "Duration": "1.00:16:29.2006564",
  "Updated": "2018-04-28T14:33:59.9288417Z"
}
