{
  "Live": 0.00000000000356,
  "Minute": 0.00000000000356,
  "Minute_Fluctuation": 0.037837837837837895,
  "Minute_5": 0.00000000000548448882584686,
  "Minute_5_Fluctuation": 0.552967700381972,
  "Minute_10": 0.00000000000534502858848883,
  "Minute_10_Fluctuation": 0.41629849144154735,
  "Hour": 0.00000000000564943344599227,
  "Hour_Fluctuation": 0.0962973043979208,
  "Day": 0.00000000000591579640992838,
  "Day_Fluctuation": 0.004389722575302916,
  "Week": 0.00000000000591581740270383,
  "Week_Fluctuation": 0.0043708043492885,
  "Duration": "1.00:16:29.2006564",
  "Updated": "2018-04-28T14:34:10.2453427Z"
}
