{
  "Live": 0.00000000000046,
  "Minute": 0.00000000000046,
  "Minute_Fluctuation": 0.23333333333333336,
  "Minute_5": 0.0000000000178371650175026,
  "Minute_5_Fluctuation": 0.90647362700270273,
  "Minute_10": 0.000000000127997231605503,
  "Minute_10_Fluctuation": 0.8006076036183678,
  "Hour": 0.000000000547618686850468,
  "Hour_Fluctuation": 0.23138580625832131,
  "Day": 0.000000000705489696139553,
  "Day_Fluctuation": 0.010781703998433347,
  "Week": 0.000000000705527814005919,
  "Week_Fluctuation": 0.010728263412355273,
  "Duration": "1.00:16:29.2006564",
  "Updated": "2018-04-28T14:33:56.0407528Z"
}
