{
  "Live": 0.00000000001103,
  "Minute": 0.00000000001103,
  "Minute_Fluctuation": 0.12207527975584942,
  "Minute_5": 0.0000000000105087758454591,
  "Minute_5_Fluctuation": 0.085902331778388769,
  "Minute_10": 0.0000000000100744977877421,
  "Minute_10_Fluctuation": 0.08566003842190302,
  "Hour": 0.00000000000906508154336651,
  "Hour_Fluctuation": 0.038374167790277254,
  "Day": 0.00000000000874514404805028,
  "Day_Fluctuation": 0.0019300459706808521,
  "Week": 0.000000000008745050719486,
  "Week_Fluctuation": 0.0019194559735057901,
  "Duration": "1.00:16:29.2006564",
  "Updated": "2018-04-28T14:34:01.2971952Z"
}
