{
  "Live": 0.00000000000002702,
  "Minute": 0.00000000000002702,
  "Minute_Fluctuation": 0.17091132249156196,
  "Minute_5": 0.0000000000000273176752017281,
  "Minute_5_Fluctuation": 0.18874097924019517,
  "Minute_10": 0.0000000000000251639911569657,
  "Minute_10_Fluctuation": 0.17562947022249564,
  "Hour": 0.0000000000000243006616524326,
  "Hour_Fluctuation": 0.049000598068477487,
  "Day": 0.0000000000000245633576853357,
  "Day_Fluctuation": 0.0022443602352268063,
  "Week": 0.0000000000000245632670419519,
  "Week_Fluctuation": 0.0022344036934825364,
  "Duration": "1.00:16:29.2006564",
  "Updated": "2018-04-28T14:33:43.2066378Z"
}
