{
  "Live": 0.00000000001194,
  "Minute": 0.00000000001194,
  "Minute_Fluctuation": 0.347629796839729,
  "Minute_5": 0.0000000000107698027291084,
  "Minute_5_Fluctuation": 0.25230386355008488,
  "Minute_10": 0.0000000000107364560754,
  "Minute_10_Fluctuation": 0.18717235167191074,
  "Hour": 0.000000000011647056407271,
  "Hour_Fluctuation": 0.044081827437323029,
  "Day": 0.0000000000120311576819891,
  "Day_Fluctuation": 0.0019913903262231409,
  "Week": 0.0000000000120312396523599,
  "Week_Fluctuation": 0.0019818953370655391,
  "Duration": "1.00:16:29.2006564",
  "Updated": "2018-04-28T14:33:46.3122725Z"
}
