{
  "Live": 0.00000000000015,
  "Minute": 0.00000000000015,
  "Minute_Fluctuation": 0.0714285714285713,
  "Minute_5": 0.000000000000178277287161356,
  "Minute_5_Fluctuation": 0.2899771472071892,
  "Minute_10": 0.00000000000018255176076471,
  "Minute_10_Fluctuation": 0.18808181776416907,
  "Hour": 0.000000000000182066741792926,
  "Hour_Fluctuation": 0.0463190108766021,
  "Day": 0.000000000000180109803785141,
  "Day_Fluctuation": 0.0021435059423450436,
  "Week": 0.00000000000018010986877881,
  "Week_Fluctuation": 0.0021319397451652743,
  "Duration": "1.00:16:29.2006564",
  "Updated": "2018-04-28T14:33:57.3553538Z"
}
