{
  "Live": 0.00000000004319,
  "Minute": 0.00000000004319,
  "Minute_Fluctuation": 0.78176567656765672,
  "Minute_5": 0.000000000029742960774291,
  "Minute_5_Fluctuation": 0.25745024137801509,
  "Minute_10": 0.0000000000281705660089795,
  "Minute_10_Fluctuation": 0.17641160281908841,
  "Hour": 0.0000000000277166772927513,
  "Hour_Fluctuation": 0.0490637757783169,
  "Day": 0.0000000000275589410400518,
  "Day_Fluctuation": 0.0022517958237415103,
  "Week": 0.0000000000275589220400416,
  "Week_Fluctuation": 0.0022412304973965366,
  "Duration": "1.00:16:29.2006564",
  "Updated": "2018-04-28T14:34:13.1437904Z"
}
