{
  "Live": 0.00000000000000297,
  "Minute": 0.00000000000000297,
  "Minute_Fluctuation": 0.0480769230769231,
  "Minute_5": 0.0000000000000030785216455284,
  "Minute_5_Fluctuation": 0.0314874405093265,
  "Minute_10": 0.0000000000000031197861356272,
  "Minute_10_Fluctuation": 0.029531199193276604,
  "Hour": 0.0000000000000031462903440464,
  "Hour_Fluctuation": 0.00902877437062752,
  "Day": 0.0000000000000031498529519226,
  "Day_Fluctuation": 0.00042292567659753391,
  "Week": 0.0000000000000031498553889215,
  "Week_Fluctuation": 0.00042124276193199629,
  "Duration": "1.00:16:29.2006564",
  "Updated": "2018-04-28T14:33:44.8171421Z"
}
