{
  "Live": 0.00000000000097,
  "Minute": 0.00000000000097,
  "Minute_Fluctuation": 0.27631578947368435,
  "Minute_5": 0.000000000000647367229280942,
  "Minute_5_Fluctuation": 0.48007829394728896,
  "Minute_10": 0.000000000000575188476060104,
  "Minute_10_Fluctuation": 0.30690093885679992,
  "Hour": 0.00000000000056001585307301,
  "Hour_Fluctuation": 0.065817489528282064,
  "Day": 0.000000000000569451777742867,
  "Day_Fluctuation": 0.0029066643673498968,
  "Week": 0.000000000000569450517525863,
  "Week_Fluctuation": 0.0028892128345540534,
  "Duration": "1.00:16:29.2006564",
  "Updated": "2018-04-28T14:33:47.8524507Z"
}
