{
  "Live": 0.00000000000897,
  "Minute": 0.00000000000897,
  "Minute_Fluctuation": 0.0,
  "Minute_5": 0.00000000000883575205179622,
  "Minute_5_Fluctuation": 0.040049912104122148,
  "Minute_10": 0.00000000000883890209120283,
  "Minute_10_Fluctuation": 0.043533063109358866,
  "Hour": 0.00000000000939098540653438,
  "Hour_Fluctuation": 0.023533969974845182,
  "Day": 0.00000000000963773504391701,
  "Day_Fluctuation": 0.0012645618692135115,
  "Week": 0.00000000000963778447309305,
  "Week_Fluctuation": 0.0012595014842130261,
  "Duration": "1.00:16:29.2006564",
  "Updated": "2018-04-28T14:11:15.7945885Z"
}
