{
  "Live": 0.0000000000049,
  "Minute": 0.0000000000049,
  "Minute_Fluctuation": 0.17505995203836919,
  "Minute_5": 0.0000000000039350299718193,
  "Minute_5_Fluctuation": 0.22580377829249437,
  "Minute_10": 0.00000000000371021603848489,
  "Minute_10_Fluctuation": 0.15914470822260485,
  "Hour": 0.00000000000366241040001336,
  "Hour_Fluctuation": 0.042007878763765424,
  "Day": 0.00000000000370736816782458,
  "Day_Fluctuation": 0.0019519365299088091,
  "Week": 0.00000000000370736327989104,
  "Week_Fluctuation": 0.0019427523293079015,
  "Duration": "1.00:16:29.2006564",
  "Updated": "2018-04-28T14:34:08.9943184Z"
}
