{
  "Live": 0.000000000051,
  "Minute": 0.000000000051,
  "Minute_Fluctuation": 0.2106485064231543,
  "Minute_5": 0.0000000000591355940749552,
  "Minute_5_Fluctuation": 0.11312270640903778,
  "Minute_10": 0.0000000000589997553983623,
  "Minute_10_Fluctuation": 0.076803001944530422,
  "Hour": 0.0000000000579605593903457,
  "Hour_Fluctuation": 0.018093943440428806,
  "Day": 0.0000000000575785349782248,
  "Day_Fluctuation": 0.00081667395062637294,
  "Week": 0.0000000000575784449864173,
  "Week_Fluctuation": 0.000811851385321126,
  "Duration": "1.00:15:26.3733785",
  "Updated": "2018-04-28T14:34:18.4369842Z"
}
