{
  "Live": 0.000000000007968,
  "Minute": 0.000000000007968,
  "Minute_Fluctuation": 0.055643879173290972,
  "Minute_5": 0.00000000000777441705147808,
  "Minute_5_Fluctuation": 0.080438307883759372,
  "Minute_10": 0.00000000000806029241489599,
  "Minute_10_Fluctuation": 0.12823854056302017,
  "Hour": 0.00000000000758854530983894,
  "Hour_Fluctuation": 0.055736440239738151,
  "Day": 0.00000000000715361722227248,
  "Day_Fluctuation": 0.0033175977731678785,
  "Week": 0.00000000000715355040365501,
  "Week_Fluctuation": 0.0033082347745729641,
  "Duration": "1.00:18:32.9465440",
  "Updated": "2018-04-27T11:44:49.7177035Z"
}
