{
  "Live": 0.000000000000001152,
  "Minute": 0.000000000000001152,
  "Minute_Fluctuation": 0.039999999999999994,
  "Minute_5": 0.0000000000000012488125336116,
  "Minute_5_Fluctuation": 0.11306884663988867,
  "Minute_10": 0.0000000000000012795566921729,
  "Minute_10_Fluctuation": 0.10360361130779598,
  "Hour": 0.000000000000001183447262401,
  "Hour_Fluctuation": 0.0401529599692348,
  "Day": 0.0000000000000011325783752228,
  "Day_Fluctuation": 0.0022648644959845669,
  "Week": 0.0000000000000011325638769738,
  "Week_Fluctuation": 0.0022522482495115053,
  "Duration": "1.00:18:32.9465440",
  "Updated": "2018-04-27T11:44:49.8398457Z"
}
