{
  "Live": 0.00000000000003552,
  "Minute": 0.00000000000003552,
  "Minute_Fluctuation": 0.31731197151757895,
  "Minute_5": 0.000000000000030762173424556,
  "Minute_5_Fluctuation": 0.19969279032940068,
  "Minute_10": 0.0000000000000323811749020617,
  "Minute_10_Fluctuation": 0.18059155824664333,
  "Hour": 0.0000000000000309824628528798,
  "Hour_Fluctuation": 0.06620720269706433,
  "Day": 0.0000000000000295193086715222,
  "Day_Fluctuation": 0.0034212546290768187,
  "Week": 0.0000000000000295190634937822,
  "Week_Fluctuation": 0.0034060835905669884,
  "Duration": "1.00:18:32.9465440",
  "Updated": "2018-04-27T11:44:50.2262401Z"
}
