{
  "Live": 0.000000000000516,
  "Minute": 0.000000000000516,
  "Minute_Fluctuation": 0.3484848484848484,
  "Minute_5": 0.00000000000177399156754018,
  "Minute_5_Fluctuation": 0.81171111141306029,
  "Minute_10": 0.00000000000243971673824274,
  "Minute_10_Fluctuation": 0.69560518208204658,
  "Hour": 0.00000000000247541707727822,
  "Hour_Fluctuation": 0.1994569295753299,
  "Day": 0.00000000000236602292206145,
  "Day_Fluctuation": 0.0093538642237966738,
  "Week": 0.00000000000236600250490385,
  "Week_Fluctuation": 0.0092866197324875041,
  "Duration": "1.00:18:32.9465440",
  "Updated": "2018-04-27T11:44:50.1293304Z"
}
