{
  "Live": 0.00000004847976,
  "Minute": 0.00000004847976,
  "Minute_Fluctuation": 6.1881877396400393E-06,
  "Minute_5": 0.0000000487105666235481,
  "Minute_5_Fluctuation": 0.052453478937454862,
  "Minute_10": 0.0000000470240276785211,
  "Minute_10_Fluctuation": 0.096398814044269351,
  "Hour": 0.000000044118976003291,
  "Hour_Fluctuation": 0.039211488780851685,
  "Day": 0.0000000436483819251711,
  "Day_Fluctuation": 0.0018819779505404354,
  "Week": 0.0000000436480297834414,
  "Week_Fluctuation": 0.0018707520702965748,
  "Duration": "1.00:18:32.9465440",
  "Updated": "2018-04-27T11:44:50.5672748Z"
}
