{
  "Live": 0.00000000011808,
  "Minute": 0.00000000011808,
  "Minute_Fluctuation": 0.53835327234342023,
  "Minute_5": 0.000000000202433622486291,
  "Minute_5_Fluctuation": 0.41299064227924104,
  "Minute_10": 0.000000000196142448340288,
  "Minute_10_Fluctuation": 0.320330270401354,
  "Hour": 0.000000000228600618016068,
  "Hour_Fluctuation": 0.090394000607268932,
  "Day": 0.000000000248594235413685,
  "Day_Fluctuation": 0.0044070947333220856,
  "Week": 0.00000000024859879882704,
  "Week_Fluctuation": 0.0043869569769679232,
  "Duration": "1.00:18:32.9465440",
  "Updated": "2018-04-27T11:44:49.61539Z"
}
