{
  "Live": 0.000000000108708,
  "Minute": 0.000000000108708,
  "Minute_Fluctuation": 0.062506467970609519,
  "Minute_5": 0.000000000109466675702738,
  "Minute_5_Fluctuation": 0.11346889492949908,
  "Minute_10": 0.000000000101554160605083,
  "Minute_10_Fluctuation": 0.1324928017297049,
  "Hour": 0.0000000000907247178378205,
  "Hour_Fluctuation": 0.042685046221214017,
  "Day": 0.0000000000884852596624166,
  "Day_Fluctuation": 0.0019999490428083068,
  "Week": 0.000000000088484065246749,
  "Week_Fluctuation": 0.0019849572164008129,
  "Duration": "1.00:18:32.9465440",
  "Updated": "2018-04-27T11:44:49.5205645Z"
}
