{
  "Live": 0.000000000010152,
  "Minute": 0.000000000010152,
  "Minute_Fluctuation": 0.20188679245283014,
  "Minute_5": 0.0000000000120880842971105,
  "Minute_5_Fluctuation": 0.081521115046516962,
  "Minute_10": 0.0000000000116301499905471,
  "Minute_10_Fluctuation": 0.15691245333028042,
  "Hour": 0.00000000000900673461903948,
  "Hour_Fluctuation": 0.12023280946355364,
  "Day": 0.00000000000789543800662275,
  "Day_Fluctuation": 0.0070073123080903309,
  "Week": 0.00000000000789510387464976,
  "Week_Fluctuation": 0.0069654524893529675,
  "Duration": "1.00:18:32.9465440",
  "Updated": "2018-04-27T11:44:50.3317481Z"
}
