{
  "Live": 0.00000000000672,
  "Minute": 0.00000000000672,
  "Minute_Fluctuation": 0.57735849056603772,
  "Minute_5": 0.000000000013485474569298,
  "Minute_5_Fluctuation": 0.25750795019214423,
  "Minute_10": 0.0000000000132557966782553,
  "Minute_10_Fluctuation": 0.23407201901712843,
  "Hour": 0.0000000000123059231716884,
  "Hour_Fluctuation": 0.068432303017156748,
  "Day": 0.0000000000119949298964386,
  "Day_Fluctuation": 0.0032245275038658319,
  "Week": 0.0000000000119948240832058,
  "Week_Fluctuation": 0.0032010263503369648,
  "Duration": "1.00:18:32.9465440",
  "Updated": "2018-04-27T11:44:49.3122571Z"
}
