{
  "Live": 0.000000000004788,
  "Minute": 0.000000000004788,
  "Minute_Fluctuation": 0.2468749999999999,
  "Minute_5": 0.00000000000412498591258691,
  "Minute_5_Fluctuation": 0.13458917197331738,
  "Minute_10": 0.00000000000416106086224326,
  "Minute_10_Fluctuation": 0.13498999474185466,
  "Hour": 0.00000000000397855962936317,
  "Hour_Fluctuation": 0.041813519678643205,
  "Day": 0.00000000000386584678817829,
  "Day_Fluctuation": 0.0019980575386307222,
  "Week": 0.00000000000386581895485012,
  "Week_Fluctuation": 0.0019871049958319325,
  "Duration": "1.00:18:32.9465440",
  "Updated": "2018-04-27T11:44:49.4196236Z"
}
