{
  "Live": 0.000000000000216,
  "Minute": 0.000000000000216,
  "Minute_Fluctuation": 0.217391304347826,
  "Minute_5": 0.000000000000263400656533107,
  "Minute_5_Fluctuation": 0.062576653737277207,
  "Minute_10": 0.000000000000271506348082405,
  "Minute_10_Fluctuation": 0.057782037441848663,
  "Hour": 0.000000000000272631073560355,
  "Hour_Fluctuation": 0.020531672747267554,
  "Day": 0.000000000000270144361196148,
  "Day_Fluctuation": 0.001045466257988919,
  "Week": 0.00000000000027014429704617,
  "Week_Fluctuation": 0.001040417654380913,
  "Duration": "1.00:18:32.9465440",
  "Updated": "2018-04-27T11:44:50.0342349Z"
}
