{
  "Live": 0.000000000000072,
  "Minute": 0.000000000000072,
  "Minute_Fluctuation": 0.0,
  "Minute_5": 0.0000000000000748539451099625,
  "Minute_5_Fluctuation": 0.10741470323706119,
  "Minute_10": 0.0000000000000764585279523835,
  "Minute_10_Fluctuation": 0.10281262428679686,
  "Hour": 0.0000000000000788098524939431,
  "Hour_Fluctuation": 0.034556910633924603,
  "Day": 0.0000000000000799410784630206,
  "Day_Fluctuation": 0.0016766190156535384,
  "Week": 0.0000000000000799413163106017,
  "Week_Fluctuation": 0.001666852803005378,
  "Duration": "1.00:18:32.9465440",
  "Updated": "2018-04-27T11:39:00.4943474Z"
}
