{
  "Live": 0.0,
  "Minute": 0.0,
  "Minute_Fluctuation": 1.0,
  "Minute_5": 0.0000000000116423542433371,
  "Minute_5_Fluctuation": 0.56836169923812485,
  "Minute_10": 0.0000000000115495686352587,
  "Minute_10_Fluctuation": 0.56054590504417479,
  "Hour": 0.0000000000127463974592075,
  "Hour_Fluctuation": 0.15988951658034353,
  "Day": 0.0000000000137832674038508,
  "Day_Fluctuation": 0.0073858624979333621,
  "Week": 0.000000000013783416397559,
  "Week_Fluctuation": 0.007354019306744777,
  "Duration": "1.00:18:32.9465440",
  "Updated": "2018-04-27T11:44:50.4611508Z"
}
