{
  "Live": 0.00000000000005,
  "Minute": 0.00000000000005,
  "Minute_Fluctuation": 0.37500000000000006,
  "Minute_5": 0.0000000000000779142600183209,
  "Minute_5_Fluctuation": 0.20282485088410152,
  "Minute_10": 0.0000000000000881623166587469,
  "Minute_10_Fluctuation": 0.11415254493201733,
  "Hour": 0.0000000000000979166620333449,
  "Hour_Fluctuation": 0.020721888241943327,
  "Day": 0.0000000000000999123126586492,
  "Day_Fluctuation": 0.00087668168404457449,
  "Week": 0.0000000000000999124082085909,
  "Week_Fluctuation": 0.00087572657815607083,
  "Duration": "1.00:04:18.2112560",
  "Updated": "2018-04-28T14:34:32.2365233Z"
}
