{
  "Live": 0.00000000000105,
  "Minute": 0.00000000000105,
  "Minute_Fluctuation": 0.36746987951807231,
  "Minute_5": 0.00000000000143280265045254,
  "Minute_5_Fluctuation": 0.40655844489701631,
  "Minute_10": 0.00000000000201576930363826,
  "Minute_10_Fluctuation": 0.45525854423402323,
  "Hour": 0.00000000000278649475643909,
  "Hour_Fluctuation": 0.2262929930133967,
  "Day": 0.00000000000269873412236615,
  "Day_Fluctuation": 0.012538133988614326,
  "Week": 0.00000000000269883214790002,
  "Week_Fluctuation": 0.012473921991811229,
  "Duration": "1.00:23:28.1695414",
  "Updated": "2018-04-28T14:34:39.8791788Z"
}
