{
  "Live": 0.00000000003764,
  "Minute": 0.00000000003764,
  "Minute_Fluctuation": 0.27906531315839878,
  "Minute_5": 0.0000000000430628533654103,
  "Minute_5_Fluctuation": 0.22017567716712066,
  "Minute_10": 0.000000000041381116024647,
  "Minute_10_Fluctuation": 0.18105589010243012,
  "Hour": 0.0000000000419480092476687,
  "Hour_Fluctuation": 0.064382816980067814,
  "Day": 0.0000000000423145487834054,
  "Day_Fluctuation": 0.0031718019519541341,
  "Week": 0.0000000000423148427999643,
  "Week_Fluctuation": 0.0031502337971097438,
  "Duration": "1.00:23:28.1695414",
  "Updated": "2018-04-28T14:34:46.6518157Z"
}
