{
  "Live": 0.00000000000000014,
  "Minute": 0.00000000000000014,
  "Minute_Fluctuation": 0.5,
  "Minute_5": 0.0000000000000002036428175698,
  "Minute_5_Fluctuation": 0.36878876949089878,
  "Minute_10": 0.0000000000000002034670927065,
  "Minute_10_Fluctuation": 0.19839530381312645,
  "Hour": 0.0000000000000002081865775037,
  "Hour_Fluctuation": 0.03600049521146504,
  "Day": 0.0000000000000002099174384438,
  "Day_Fluctuation": 0.0015294106337617411,
  "Week": 0.0000000000000002099175071666,
  "Week_Fluctuation": 0.0015258709552859991,
  "Duration": "1.00:07:52.9251569",
  "Updated": "2018-04-28T14:34:34.7596673Z"
}
