{
  "Live": 0.0000000000066,
  "Minute": 0.0000000000066,
  "Minute_Fluctuation": 0.4255874673629243,
  "Minute_5": 0.00000000000915474140767114,
  "Minute_5_Fluctuation": 0.25287277078062209,
  "Minute_10": 0.00000000000877768244391628,
  "Minute_10_Fluctuation": 0.18415294805597582,
  "Hour": 0.00000000000851268413528272,
  "Hour_Fluctuation": 0.05377536079956774,
  "Day": 0.00000000000861313946852905,
  "Day_Fluctuation": 0.0026360129357030906,
  "Week": 0.0000000000086131298199652,
  "Week_Fluctuation": 0.002614090183869381,
  "Duration": "1.00:23:28.1695414",
  "Updated": "2018-04-28T14:34:33.511351Z"
}
