{
  "Live": 0.00000000001745,
  "Minute": 0.00000000001745,
  "Minute_Fluctuation": 0.27623392783077555,
  "Minute_5": 0.0000000000204836636521427,
  "Minute_5_Fluctuation": 0.28221996047689019,
  "Minute_10": 0.000000000018798639176034,
  "Minute_10_Fluctuation": 0.26679751570239929,
  "Hour": 0.0000000000182109762464098,
  "Hour_Fluctuation": 0.0704819117564056,
  "Day": 0.000000000018718993313087,
  "Day_Fluctuation": 0.0033669787878345507,
  "Week": 0.0000000000187190657293867,
  "Week_Fluctuation": 0.0033406484498523597,
  "Duration": "1.00:23:28.1695414",
  "Updated": "2018-04-28T14:34:45.1460802Z"
}
