{
  "Live": 0.00000000000036,
  "Minute": 0.00000000000036,
  "Minute_Fluctuation": 0.24137931034482762,
  "Minute_5": 0.000000000000433838502630859,
  "Minute_5_Fluctuation": 0.56238890716639345,
  "Minute_10": 0.000000000000834621826261657,
  "Minute_10_Fluctuation": 1.0708380591219109,
  "Hour": 0.000000000000744139258560245,
  "Hour_Fluctuation": 0.82875306389505887,
  "Day": 0.000000000000390486057768352,
  "Day_Fluctuation": 0.056447032755166764,
  "Week": 0.000000000000390409268621248,
  "Week_Fluctuation": 0.05622288874872744,
  "Duration": "1.00:23:28.1695414",
  "Updated": "2018-04-28T14:34:42.8160009Z"
}
