{
  "Live": 0.00000000000695,
  "Minute": 0.00000000000695,
  "Minute_Fluctuation": 1.5740740740740742,
  "Minute_5": 0.00000000000391816247532335,
  "Minute_5_Fluctuation": 0.49530487736780404,
  "Minute_10": 0.00000000000362944059180858,
  "Minute_10_Fluctuation": 0.28021925964719274,
  "Hour": 0.00000000000376904015408693,
  "Hour_Fluctuation": 0.067855599997296873,
  "Day": 0.00000000000390277385060603,
  "Day_Fluctuation": 0.0032898830931738193,
  "Week": 0.00000000000390282259494769,
  "Week_Fluctuation": 0.003254202003965851,
  "Duration": "1.00:24:50.3221885",
  "Updated": "2018-04-28T14:34:28.6163006Z"
}
