{
  "Live": 0.0000000001939,
  "Minute": 0.0000000001939,
  "Minute_Fluctuation": 0.091287708239531723,
  "Minute_5": 0.00000000014148667504878,
  "Minute_5_Fluctuation": 0.38097895407550375,
  "Minute_10": 0.00000000013303302360587,
  "Minute_10_Fluctuation": 0.29184426961817211,
  "Hour": 0.000000000139461459861542,
  "Hour_Fluctuation": 0.081699770149186779,
  "Day": 0.000000000143510822786717,
  "Day_Fluctuation": 0.0038622861308902122,
  "Week": 0.00000000014351249549374,
  "Week_Fluctuation": 0.0038258079743410259,
  "Duration": "1.00:24:50.3221885",
  "Updated": "2018-04-28T14:34:31.0165551Z"
}
