{
  "Live": 0.00000000000016,
  "Minute": 0.00000000000016,
  "Minute_Fluctuation": 1.6666666666666667,
  "Minute_5": 0.000000000000109659988698317,
  "Minute_5_Fluctuation": 0.49446537744933683,
  "Minute_10": 0.000000000000126920723265757,
  "Minute_10_Fluctuation": 0.24184015375654047,
  "Hour": 0.00000000000015326049440143,
  "Hour_Fluctuation": 0.04291368202249228,
  "Day": 0.000000000000159708841191365,
  "Day_Fluctuation": 0.0018210635515828679,
  "Week": 0.000000000000159708987348535,
  "Week_Fluctuation": 0.0018201446918773513,
  "Duration": "1.00:05:21.7307972",
  "Updated": "2018-04-28T14:23:13.4194123Z"
}
