{
  "Live": 0.00000000000324,
  "Minute": 0.00000000000324,
  "Minute_Fluctuation": 0.6165680473372781,
  "Minute_5": 0.00000000000582026232654504,
  "Minute_5_Fluctuation": 0.58061716147497922,
  "Minute_10": 0.00000000000505732735782966,
  "Minute_10_Fluctuation": 0.58676528822066809,
  "Hour": 0.00000000000495700170105713,
  "Hour_Fluctuation": 0.16553461801747898,
  "Day": 0.00000000000545990725718992,
  "Day_Fluctuation": 0.00794507181762868,
  "Week": 0.00000000000545998761345176,
  "Week_Fluctuation": 0.0078980038064072871,
  "Duration": "1.00:23:28.1695414",
  "Updated": "2018-04-28T14:34:38.5201738Z"
}
