{
  "Live": 0.00000000000000093,
  "Minute": 0.00000000000000093,
  "Minute_Fluctuation": 0.14678899082568811,
  "Minute_5": 0.0000000000000010524367274412,
  "Minute_5_Fluctuation": 0.14265402154959295,
  "Minute_10": 0.0000000000000010704009572167,
  "Minute_10_Fluctuation": 0.16294175741870923,
  "Hour": 0.0000000000000010468258103185,
  "Hour_Fluctuation": 0.06391887229387376,
  "Day": 0.0000000000000010402668027387,
  "Day_Fluctuation": 0.0031944437171523756,
  "Week": 0.0000000000000010402616460593,
  "Week_Fluctuation": 0.0031719851139809158,
  "Duration": "1.00:23:28.1695414",
  "Updated": "2018-04-28T14:34:36.0075394Z"
}
