{
  "Live": 0.00000000000002004,
  "Minute": 0.00000000000002004,
  "Minute_Fluctuation": 0.26834611171960565,
  "Minute_5": 0.0000000000000233971682451868,
  "Minute_5_Fluctuation": 0.20271158330908373,
  "Minute_10": 0.0000000000000221843853966152,
  "Minute_10_Fluctuation": 0.16937273759866187,
  "Hour": 0.0000000000000206737275987172,
  "Hour_Fluctuation": 0.051600645128514679,
  "Day": 0.0000000000000204295511635185,
  "Day_Fluctuation": 0.002487668276464375,
  "Week": 0.0000000000000204293588212763,
  "Week_Fluctuation": 0.0024658511524734456,
  "Duration": "1.00:24:50.3221885",
  "Updated": "2018-04-28T14:34:27.3083226Z"
}
