{
  "Live": 0.00000000004224,
  "Minute": 0.00000000004224,
  "Minute_Fluctuation": 0.22637362637362632,
  "Minute_5": 0.0000000178017868462492,
  "Minute_5_Fluctuation": 0.72846289466470515,
  "Minute_10": 0.0000000370521513240836,
  "Minute_10_Fluctuation": 0.43569660264809595,
  "Hour": 0.0000000601738089751673,
  "Hour_Fluctuation": 0.083679501756273839,
  "Day": 0.0000000654339883404007,
  "Day_Fluctuation": 0.0035799415265446218,
  "Week": 0.0000000654342556982845,
  "Week_Fluctuation": 0.0035758702437922469,
  "Duration": "1.00:05:09.8994343",
  "Updated": "2018-04-28T14:34:29.8188778Z"
}
