{
  "Live": 0.00000000000032,
  "Minute": 0.00000000000032,
  "Minute_Fluctuation": 0.55555555555555558,
  "Minute_5": 0.000000000000462128942569534,
  "Minute_5_Fluctuation": 0.660054602276271,
  "Minute_10": 0.000000000000407619024601433,
  "Minute_10_Fluctuation": 0.44470734562236552,
  "Hour": 0.000000000000361904814323669,
  "Hour_Fluctuation": 0.11057081617866295,
  "Day": 0.000000000000359969476000327,
  "Day_Fluctuation": 0.0051127644262167213,
  "Week": 0.000000000000359965151111482,
  "Week_Fluctuation": 0.0050673155077373506,
  "Duration": "1.00:23:28.1695414",
  "Updated": "2018-04-28T14:34:37.3338862Z"
}
