{
  "Live": 0.00000000000000002,
  "Minute": 0.00000000000000002,
  "Minute_Fluctuation": 0.0,
  "Minute_5": 0.000000000000000020033745244,
  "Minute_5_Fluctuation": 0.011100090941758862,
  "Minute_10": 0.0000000000000000202403708554,
  "Minute_10_Fluctuation": 0.037628224395607056,
  "Hour": 0.0000000000000000202478161936,
  "Hour_Fluctuation": 0.016265450366304252,
  "Day": 0.0000000000000000200142357411,
  "Day_Fluctuation": 0.00072095457315037308,
  "Week": 0.0000000000000000200142118888,
  "Week_Fluctuation": 0.00071966174013848882,
  "Duration": "1.00:23:28.1695414",
  "Updated": "2018-04-27T11:04:46.0139791Z"
}
