{
  "Live": 0.0000000154698,
  "Minute": 0.0000000154698,
  "Minute_Fluctuation": 0.10926669138109442,
  "Minute_5": 0.0000000152682787793904,
  "Minute_5_Fluctuation": 0.077798922412292276,
  "Minute_10": 0.0000000155351716909113,
  "Minute_10_Fluctuation": 0.065000601666201654,
  "Hour": 0.0000000143688964179915,
  "Hour_Fluctuation": 0.048929045089700529,
  "Day": 0.0000000135996420779369,
  "Day_Fluctuation": 0.0029847822459817637,
  "Week": 0.0000000135993632184052,
  "Week_Fluctuation": 0.0029646493989616235,
  "Duration": "1.00:23:28.1695414",
  "Updated": "2018-04-28T14:34:47.8460075Z"
}
