{
  "Live": 0.00000000000097485,
  "Minute": 0.00000000000097485,
  "Minute_Fluctuation": 0.0030985396981225081,
  "Minute_5": 0.000000000000977056106713789,
  "Minute_5_Fluctuation": 0.0010606462283519462,
  "Minute_10": 0.00000000000097757848825336,
  "Minute_10_Fluctuation": 0.0011086811888913136,
  "Hour": 0.000000000000977977057598783,
  "Hour_Fluctuation": 0.0011608775871554604,
  "Day": 0.000000000000977977057598783,
  "Day_Fluctuation": 0.0011608775871554601,
  "Week": 0.000000000000977977057598783,
  "Week_Fluctuation": 0.0011608775871554601,
  "Duration": "00:24:34.4684896",
  "Updated": "2018-04-28T14:35:01.9435866Z"
}
