{
  "Live": 0.00000000000012011,
  "Minute": 0.00000000000012011,
  "Minute_Fluctuation": 0.0018350154308115609,
  "Minute_5": 0.000000000000124513174938608,
  "Minute_5_Fluctuation": 0.087391839437443372,
  "Minute_10": 0.000000000000134627113991668,
  "Minute_10_Fluctuation": 0.10397907774240758,
  "Hour": 0.000000000000143122287470775,
  "Hour_Fluctuation": 0.07842448236878713,
  "Day": 0.000000000000143122287470775,
  "Day_Fluctuation": 0.07842448236878713,
  "Week": 0.000000000000143122287470775,
  "Week_Fluctuation": 0.07842448236878713,
  "Duration": "00:24:34.4684896",
  "Updated": "2018-04-28T14:34:53.0129688Z"
}
