{
  "Live": 0.00000019432150432,
  "Minute": 0.00000019432150432,
  "Minute_Fluctuation": 0.037645229070587032,
  "Minute_5": 0.000000190625286696779,
  "Minute_5_Fluctuation": 0.017853631549940168,
  "Minute_10": 0.000000191040176110285,
  "Minute_10_Fluctuation": 0.011386485340221937,
  "Hour": 0.00000019142641699411,
  "Hour_Fluctuation": 0.0076420270117543657,
  "Day": 0.00000019142641699411,
  "Day_Fluctuation": 0.0076420270117543657,
  "Week": 0.00000019142641699411,
  "Week_Fluctuation": 0.0076420270117543666,
  "Duration": "00:24:34.4684896",
  "Updated": "2018-04-28T14:34:56.5932538Z"
}
