{
  "Live": 0.0000000000001933,
  "Minute": 0.0000000000001933,
  "Minute_Fluctuation": 0.34059227408280762,
  "Minute_5": 0.000000000000158985081289255,
  "Minute_5_Fluctuation": 0.20730376142913193,
  "Minute_10": 0.000000000000173027316235105,
  "Minute_10_Fluctuation": 0.27388899545325351,
  "Hour": 0.000000000000188224946767787,
  "Hour_Fluctuation": 0.2989319962915184,
  "Day": 0.000000000000188224946767787,
  "Day_Fluctuation": 0.29893199629151845,
  "Week": 0.000000000000188224946767787,
  "Week_Fluctuation": 0.29893199629151845,
  "Duration": "00:24:34.4684896",
  "Updated": "2018-04-28T14:35:04.6667422Z"
}
