{
  "Live": 0.00000000000351914,
  "Minute": 0.00000000000351914,
  "Minute_Fluctuation": 0.0014741203656273214,
  "Minute_5": 0.00000000000352095348602198,
  "Minute_5_Fluctuation": 0.002628862993500345,
  "Minute_10": 0.00000000000352385264319337,
  "Minute_10_Fluctuation": 0.0023599884089027653,
  "Hour": 0.00000000000352535670660215,
  "Hour_Fluctuation": 0.0019200834407534502,
  "Day": 0.00000000000352535670660215,
  "Day_Fluctuation": 0.0019200834407534502,
  "Week": 0.00000000000352535670660215,
  "Week_Fluctuation": 0.0019200834407534502,
  "Duration": "00:24:34.4684896",
  "Updated": "2018-04-28T14:34:59.8117212Z"
}
