{
  "Live": 0.00000000725604947,
  "Minute": 0.00000000725604947,
  "Minute_Fluctuation": 0.13189769988318348,
  "Minute_5": 0.0000000065994175927274,
  "Minute_5_Fluctuation": 0.10357372333334056,
  "Minute_10": 0.00000000665030435875734,
  "Minute_10_Fluctuation": 0.0998254938030191,
  "Hour": 0.00000000671510931592446,
  "Hour_Fluctuation": 0.090684660239683981,
  "Day": 0.00000000671510931592446,
  "Day_Fluctuation": 0.090684660239683967,
  "Week": 0.00000000671510931592446,
  "Week_Fluctuation": 0.090684660239683967,
  "Duration": "00:24:34.4684896",
  "Updated": "2018-04-28T14:34:57.3587807Z"
}
