{
  "Live": 0.00000000000044739,
  "Minute": 0.00000000000044739,
  "Minute_Fluctuation": 0.058720807910793246,
  "Minute_5": 0.000000000000549505068745491,
  "Minute_5_Fluctuation": 0.27805579838340039,
  "Minute_10": 0.000000000000632676321671114,
  "Minute_10_Fluctuation": 0.275649233089474,
  "Hour": 0.000000000000689550625687411,
  "Hour_Fluctuation": 0.27121479858559427,
  "Day": 0.000000000000689550625687411,
  "Day_Fluctuation": 0.27121479858559427,
  "Week": 0.000000000000689550625687411,
  "Week_Fluctuation": 0.27121479858559427,
  "Duration": "00:24:34.4684896",
  "Updated": "2018-04-28T14:34:53.3168696Z"
}
