{
  "Live": 0.00000000000004995,
  "Minute": 0.00000000000004995,
  "Minute_Fluctuation": 0.68335974643423136,
  "Minute_5": 0.000000000000106492347408769,
  "Minute_5_Fluctuation": 0.47769183444189378,
  "Minute_10": 0.000000000000097920763890691,
  "Minute_10_Fluctuation": 0.3417243608631424,
  "Hour": 0.0000000000000966100408279084,
  "Hour_Fluctuation": 0.29857725644217914,
  "Day": 0.0000000000000966100408279084,
  "Day_Fluctuation": 0.29857725644217914,
  "Week": 0.0000000000000966100408279084,
  "Week_Fluctuation": 0.29857725644217914,
  "Duration": "00:16:12.2290569",
  "Updated": "2018-04-28T14:35:07.1882752Z"
}
