{
  "Live": 0.00000000000013151,
  "Minute": 0.00000000000013151,
  "Minute_Fluctuation": 0.00091164628124290462,
  "Minute_5": 0.000000000000145280702850174,
  "Minute_5_Fluctuation": 0.19193766014832861,
  "Minute_10": 0.000000000000173809947877428,
  "Minute_10_Fluctuation": 0.24907718911942295,
  "Hour": 0.000000000000198868301349984,
  "Hour_Fluctuation": 0.22436340399317037,
  "Day": 0.000000000000198868301349984,
  "Day_Fluctuation": 0.22436340399317034,
  "Week": 0.000000000000198868301349984,
  "Week_Fluctuation": 0.22436340399317034,
  "Duration": "00:24:34.4684896",
  "Updated": "2018-04-28T14:35:05.0831099Z"
}
