{
  "Live": 0.00000000000000181,
  "Minute": 0.00000000000000181,
  "Minute_Fluctuation": 0.016853932584269714,
  "Minute_5": 0.0000000000000018470003313903,
  "Minute_5_Fluctuation": 0.0470770796835955,
  "Minute_10": 0.00000000000000189739165956,
  "Minute_10_Fluctuation": 0.036610570521104224,
  "Hour": 0.0000000000000019316646035041,
  "Hour_Fluctuation": 0.022375183363244469,
  "Day": 0.0000000000000019316646035041,
  "Day_Fluctuation": 0.022375183363244469,
  "Week": 0.0000000000000019316646035041,
  "Week_Fluctuation": 0.022375183363244469,
  "Duration": "00:24:34.4684896",
  "Updated": "2018-04-28T14:34:49.8032357Z"
}
