{
  "Live": 0.00000000000479887,
  "Minute": 0.00000000000479887,
  "Minute_Fluctuation": 0.0020670394546676327,
  "Minute_5": 0.00000000000470454337346162,
  "Minute_5_Fluctuation": 0.039342995508501677,
  "Minute_10": 0.00000000000462516426196717,
  "Minute_10_Fluctuation": 0.03112942292268631,
  "Hour": 0.0000000000045752165894634,
  "Hour_Fluctuation": 0.02121597404630262,
  "Day": 0.0000000000045752165894634,
  "Day_Fluctuation": 0.02121597404630262,
  "Week": 0.0000000000045752165894634,
  "Week_Fluctuation": 0.02121597404630262,
  "Duration": "00:24:34.4684896",
  "Updated": "2018-04-28T14:34:59.1500232Z"
}
