{
  "Live": 0.00000000000462243,
  "Minute": 0.00000000000462243,
  "Minute_Fluctuation": 0.014159212765685113,
  "Minute_5": 0.00000000000471514951223637,
  "Minute_5_Fluctuation": 0.019834558665222754,
  "Minute_10": 0.00000000000477661969042383,
  "Minute_10_Fluctuation": 0.016673934787643271,
  "Hour": 0.00000000000482035262751341,
  "Hour_Fluctuation": 0.011318501417017799,
  "Day": 0.00000000000482035262751341,
  "Day_Fluctuation": 0.011318501417017799,
  "Week": 0.00000000000482035262751341,
  "Week_Fluctuation": 0.011318501417017799,
  "Duration": "00:24:34.4684896",
  "Updated": "2018-04-28T14:34:59.4737224Z"
}
