{
  "Live": 0.00000000000090402,
  "Minute": 0.00000000000090402,
  "Minute_Fluctuation": 1.4283335124100136,
  "Minute_5": 0.000000000000537840476310039,
  "Minute_5_Fluctuation": 0.41512318694222528,
  "Minute_10": 0.000000000000484179353601283,
  "Minute_10_Fluctuation": 0.22183139207277791,
  "Hour": 0.000000000000454744893360163,
  "Hour_Fluctuation": 0.11530953283457998,
  "Day": 0.000000000000454744893360163,
  "Day_Fluctuation": 0.11530953283457998,
  "Week": 0.000000000000454744893360163,
  "Week_Fluctuation": 0.11530953283457998,
  "Duration": "00:24:34.4684896",
  "Updated": "2018-04-28T14:34:52.7384Z"
}
