{
  "Live": 0.00000000000525858,
  "Minute": 0.00000000000525858,
  "Minute_Fluctuation": 0.00024727615801327011,
  "Minute_5": 0.00000000000515230655942672,
  "Minute_5_Fluctuation": 0.034425280324588234,
  "Minute_10": 0.00000000000504748359702533,
  "Minute_10_Fluctuation": 0.026509933354743408,
  "Hour": 0.0000000000049747541929788,
  "Hour_Fluctuation": 0.015741150197870771,
  "Day": 0.0000000000049747541929788,
  "Day_Fluctuation": 0.015741150197870771,
  "Week": 0.0000000000049747541929788,
  "Week_Fluctuation": 0.015741150197870771,
  "Duration": "00:24:34.4684896",
  "Updated": "2018-04-28T14:34:58.8651489Z"
}
