{
  "Live": 0.00000036406264191,
  "Minute": 0.00000036406264191,
  "Minute_Fluctuation": 0.07454189889954016,
  "Minute_5": 0.000000354563548065805,
  "Minute_5_Fluctuation": 0.048867093466751284,
  "Minute_10": 0.000000356695913724132,
  "Minute_10_Fluctuation": 0.039747546013290065,
  "Hour": 0.000000357842030254416,
  "Hour_Fluctuation": 0.034869491332312007,
  "Day": 0.000000357842030254416,
  "Day_Fluctuation": 0.034869491332312007,
  "Week": 0.000000357842030254416,
  "Week_Fluctuation": 0.034869491332312007,
  "Duration": "00:24:34.4684896",
  "Updated": "2018-04-28T14:34:55.0274221Z"
}
