{
  "Live": 0.00000000007812877,
  "Minute": 0.00000000007812877,
  "Minute_Fluctuation": 0.086227796663519485,
  "Minute_5": 0.0000000000770363729443791,
  "Minute_5_Fluctuation": 0.12202487531233677,
  "Minute_10": 0.0000000000786216852009976,
  "Minute_10_Fluctuation": 0.12925974906865756,
  "Hour": 0.0000000000786681540395054,
  "Hour_Fluctuation": 0.12699326413548673,
  "Day": 0.0000000000786681540395054,
  "Day_Fluctuation": 0.12699326413548673,
  "Week": 0.0000000000786681540395054,
  "Week_Fluctuation": 0.12699326413548673,
  "Duration": "00:24:34.4684896",
  "Updated": "2018-04-28T14:34:57.6630599Z"
}
