{
  "Live": 0.00000000000542029,
  "Minute": 0.00000000000542029,
  "Minute_Fluctuation": 0.427519094021596,
  "Minute_5": 0.00000000000423626728048734,
  "Minute_5_Fluctuation": 0.14752898573956169,
  "Minute_10": 0.00000000000408383305345713,
  "Minute_10_Fluctuation": 0.11687178307045294,
  "Hour": 0.00000000000402889273678279,
  "Hour_Fluctuation": 0.10429615003317969,
  "Day": 0.00000000000402889273678279,
  "Day_Fluctuation": 0.10429615003317969,
  "Week": 0.00000000000402889273678279,
  "Week_Fluctuation": 0.10429615003317969,
  "Duration": "00:24:34.4684896",
  "Updated": "2018-04-28T14:34:50.7649682Z"
}
