{
  "Live": 0.00000033419817732,
  "Minute": 0.00000033419817732,
  "Minute_Fluctuation": 0.14240378524385602,
  "Minute_5": 0.000000347981112828966,
  "Minute_5_Fluctuation": 0.1493747850146197,
  "Minute_10": 0.000000344524520838319,
  "Minute_10_Fluctuation": 0.14678148238677657,
  "Hour": 0.000000345703700641386,
  "Hour_Fluctuation": 0.14901505351673444,
  "Day": 0.000000345703700641386,
  "Day_Fluctuation": 0.14901505351673447,
  "Week": 0.000000345703700641386,
  "Week_Fluctuation": 0.14901505351673447,
  "Duration": "00:24:34.4684896",
  "Updated": "2018-04-28T14:34:55.9260729Z"
}
