{
  "Live": 0.00000000000102552,
  "Minute": 0.00000000000102552,
  "Minute_Fluctuation": 1.1576267620450242,
  "Minute_5": 0.000000000000704654148610641,
  "Minute_5_Fluctuation": 0.4147559340032948,
  "Minute_10": 0.000000000000710250861603689,
  "Minute_10_Fluctuation": 0.30610674272758648,
  "Hour": 0.000000000000722940926861131,
  "Hour_Fluctuation": 0.27647236995485591,
  "Day": 0.000000000000722940926861131,
  "Day_Fluctuation": 0.27647236995485591,
  "Week": 0.000000000000722940926861131,
  "Week_Fluctuation": 0.27647236995485591,
  "Duration": "00:24:34.4684896",
  "Updated": "2018-04-28T14:35:00.9186204Z"
}
