{
  "Live": 0.00000000000001953,
  "Minute": 0.00000000000001953,
  "Minute_Fluctuation": 0.22897749703908413,
  "Minute_5": 0.0000000000000242632073991528,
  "Minute_5_Fluctuation": 0.10975559245664575,
  "Minute_10": 0.00000000000002609694836295,
  "Minute_10_Fluctuation": 0.10528446468241778,
  "Hour": 0.0000000000000273082656905092,
  "Hour_Fluctuation": 0.097921812293336463,
  "Day": 0.0000000000000273082656905092,
  "Day_Fluctuation": 0.097921812293336463,
  "Week": 0.0000000000000273082656905092,
  "Week_Fluctuation": 0.097921812293336477,
  "Duration": "00:23:31.5754496",
  "Updated": "2018-04-28T14:35:07.5396884Z"
}
