{
  "Live": 0.0000000000003191,
  "Minute": 0.0000000000003191,
  "Minute_Fluctuation": 1.3584626755358467,
  "Minute_5": 0.000000000000199469033877914,
  "Minute_5_Fluctuation": 0.4237786042161974,
  "Minute_10": 0.000000000000191606086625679,
  "Minute_10_Fluctuation": 0.25979134430540035,
  "Hour": 0.000000000000190376082595483,
  "Hour_Fluctuation": 0.18782529067188303,
  "Day": 0.000000000000190376082595483,
  "Day_Fluctuation": 0.18782529067188303,
  "Week": 0.000000000000190376082595483,
  "Week_Fluctuation": 0.18782529067188203,
  "Duration": "00:24:34.4684896",
  "Updated": "2018-04-28T14:35:04.1979975Z"
}
