{
  "Live": 0.00000033481755537,
  "Minute": 0.00000033481755537,
  "Minute_Fluctuation": 0.010971409003753325,
  "Minute_5": 0.000000328717128560841,
  "Minute_5_Fluctuation": 0.0442743783658905,
  "Minute_10": 0.000000321295746767673,
  "Minute_10_Fluctuation": 0.035864775451326575,
  "Hour": 0.000000316314214085034,
  "Hour_Fluctuation": 0.023647915296377706,
  "Day": 0.000000316314214085034,
  "Day_Fluctuation": 0.023647915296377706,
  "Week": 0.000000316314214085034,
  "Week_Fluctuation": 0.023647915296377706,
  "Duration": "00:24:34.4684896",
  "Updated": "2018-04-28T14:34:55.5406976Z"
}
