{
  "Live": 0.0000000000001933,
  "Minute": 0.0000000000001933,
  "Minute_Fluctuation": 0.34059227408280762,
  "Minute_5": 0.000000000000159022315182025,
  "Minute_5_Fluctuation": 0.20731957097388359,
  "Minute_10": 0.000000000000173416154035335,
  "Minute_10_Fluctuation": 0.27288083886140924,
  "Hour": 0.000000000000188936094317746,
  "Hour_Fluctuation": 0.296556251823114,
  "Day": 0.000000000000188936094317746,
  "Day_Fluctuation": 0.29655625182311396,
  "Week": 0.000000000000188936094317746,
  "Week_Fluctuation": 0.29655625182311396,
  "Duration": "00:24:34.4684896",
  "Updated": "2018-04-28T14:34:52.3340131Z"
}
