{
  "Live": 0.00000036406264191,
  "Minute": 0.00000036406264191,
  "Minute_Fluctuation": 0.065767664743475909,
  "Minute_5": 0.000000371013743806845,
  "Minute_5_Fluctuation": 0.062920509875337052,
  "Minute_10": 0.000000360446481181222,
  "Minute_10_Fluctuation": 0.066341386229093649,
  "Hour": 0.000000351636485386013,
  "Hour_Fluctuation": 0.061942742055683453,
  "Day": 0.000000351636485386013,
  "Day_Fluctuation": 0.061942742055683453,
  "Week": 0.000000351636485386013,
  "Week_Fluctuation": 0.061942742055683453,
  "Duration": "00:24:34.4684896",
  "Updated": "2018-04-28T14:34:49.4194476Z"
}
