{
  "Live": 0.00000000000036361,
  "Minute": 0.00000000000036361,
  "Minute_Fluctuation": 1.2825486503452608,
  "Minute_5": 0.000000000000254540345021347,
  "Minute_5_Fluctuation": 0.44329217438988455,
  "Minute_10": 0.000000000000258393619876464,
  "Minute_10_Fluctuation": 0.30188663241685804,
  "Hour": 0.000000000000263850500676456,
  "Hour_Fluctuation": 0.23344351542962288,
  "Day": 0.000000000000263850500676456,
  "Day_Fluctuation": 0.23344351542962283,
  "Week": 0.000000000000263850500676456,
  "Week_Fluctuation": 0.23344351542962283,
  "Duration": "00:24:34.4684896",
  "Updated": "2018-04-28T14:34:51.1088351Z"
}
