{
  "Live": 0.00000000000044739,
  "Minute": 0.00000000000044739,
  "Minute_Fluctuation": 0.45651011929347168,
  "Minute_5": 0.000000000000658228060808488,
  "Minute_5_Fluctuation": 0.29399278569504783,
  "Minute_10": 0.000000000000700669306252109,
  "Minute_10_Fluctuation": 0.28755530625512582,
  "Hour": 0.00000000000074390919336123,
  "Hour_Fluctuation": 0.31054291793548844,
  "Day": 0.00000000000074390919336123,
  "Day_Fluctuation": 0.31054291793548844,
  "Week": 0.00000000000074390919336123,
  "Week_Fluctuation": 0.31054291793548844,
  "Duration": "00:24:34.4684896",
  "Updated": "2018-04-28T14:35:03.2198633Z"
}
