{
  "Live": 0.00000001105768537,
  "Minute": 0.00000001105768537,
  "Minute_Fluctuation": 0.21552956323683053,
  "Minute_5": 0.0000000105935786193634,
  "Minute_5_Fluctuation": 0.12697690662679911,
  "Minute_10": 0.0000000112682806299176,
  "Minute_10_Fluctuation": 0.088133194356962111,
  "Hour": 0.0000000117544703509402,
  "Hour_Fluctuation": 0.063806695511360229,
  "Day": 0.0000000117544703509402,
  "Day_Fluctuation": 0.063806695511360229,
  "Week": 0.0000000117544703509402,
  "Week_Fluctuation": 0.063806695511360229,
  "Duration": "00:24:34.4684896",
  "Updated": "2018-04-28T14:34:56.9659866Z"
}
