{
  "Live": 0.0000000000000729,
  "Minute": 0.0000000000000729,
  "Minute_Fluctuation": 0.00082236842105265571,
  "Minute_5": 0.000000000000101680015509905,
  "Minute_5_Fluctuation": 0.33767493349129474,
  "Minute_10": 0.000000000000127963860936444,
  "Minute_10_Fluctuation": 0.24942228979240202,
  "Hour": 0.000000000000145615943582727,
  "Hour_Fluctuation": 0.15963930309510785,
  "Day": 0.000000000000145615943582727,
  "Day_Fluctuation": 0.15963930309510785,
  "Week": 0.000000000000145615943582727,
  "Week_Fluctuation": 0.15963930309510785,
  "Duration": "00:24:34.4684896",
  "Updated": "2018-04-28T14:35:06.6705213Z"
}
