{
  "Live": 0.00000000000001953,
  "Minute": 0.00000000000001953,
  "Minute_Fluctuation": 0.22897749703908413,
  "Minute_5": 0.0000000000000242622838494304,
  "Minute_5_Fluctuation": 0.10972342914883623,
  "Minute_10": 0.0000000000000261095603457977,
  "Minute_10_Fluctuation": 0.10536471809501016,
  "Hour": 0.0000000000000275120821420256,
  "Hour_Fluctuation": 0.097478281230257327,
  "Day": 0.0000000000000275120821420256,
  "Day_Fluctuation": 0.097478281230257327,
  "Week": 0.0000000000000275120821420256,
  "Week_Fluctuation": 0.097478281230257327,
  "Duration": "00:24:34.4684896",
  "Updated": "2018-04-28T14:34:51.9905234Z"
}
