{
  "Live": 0.00000000000542029,
  "Minute": 0.00000000000542029,
  "Minute_Fluctuation": 0.427519094021596,
  "Minute_5": 0.00000000000423671142093183,
  "Minute_5_Fluctuation": 0.14935606122139494,
  "Minute_10": 0.00000000000408720949882538,
  "Minute_10_Fluctuation": 0.13431975823674902,
  "Hour": 0.00000000000403506793592702,
  "Hour_Fluctuation": 0.13558568675026478,
  "Day": 0.00000000000403506793592702,
  "Day_Fluctuation": 0.13558568675026478,
  "Week": 0.00000000000403506793592702,
  "Week_Fluctuation": 0.13558568675026478,
  "Duration": "00:24:34.4684896",
  "Updated": "2018-04-28T14:34:58.5241958Z"
}
