{
  "Live": 0.00000000000591698,
  "Minute": 0.00000000000591698,
  "Minute_Fluctuation": 0.0109023436194043,
  "Minute_5": 0.0000000000059864912272053,
  "Minute_5_Fluctuation": 0.0093903320658394532,
  "Minute_10": 0.00000000000602069641409456,
  "Minute_10_Fluctuation": 0.0072263243662981664,
  "Hour": 0.00000000000604439850242906,
  "Hour_Fluctuation": 0.00466567568461429,
  "Day": 0.00000000000604439850242906,
  "Day_Fluctuation": 0.00466567568461429,
  "Week": 0.00000000000604439850242906,
  "Week_Fluctuation": 0.00466567568461429,
  "Duration": "00:24:34.4684896",
  "Updated": "2018-04-28T14:34:50.3648878Z"
}
