{
  "Live": 0.00000028709022241,
  "Minute": 0.00000028709022241,
  "Minute_Fluctuation": 0.12141974081348031,
  "Minute_5": 0.000000312718714429325,
  "Minute_5_Fluctuation": 0.050639348317683457,
  "Minute_10": 0.000000314617344067366,
  "Minute_10_Fluctuation": 0.03427773718565269,
  "Hour": 0.000000315461518018932,
  "Hour_Fluctuation": 0.024503683956908238,
  "Day": 0.000000315461518018932,
  "Day_Fluctuation": 0.024503683956908238,
  "Week": 0.000000315461518018932,
  "Week_Fluctuation": 0.024503683956908238,
  "Duration": "00:24:34.4684896",
  "Updated": "2018-04-28T14:34:56.2418867Z"
}
