{
  "Live": 0.00000000000001766,
  "Minute": 0.00000000000001766,
  "Minute_Fluctuation": 0.2459436379163108,
  "Minute_5": 0.0000000000000196618227951873,
  "Minute_5_Fluctuation": 0.21804412938047657,
  "Minute_10": 0.0000000000000179133869129756,
  "Minute_10_Fluctuation": 0.17008451872164146,
  "Hour": 0.0000000000000165912249768043,
  "Hour_Fluctuation": 0.13079941952808463,
  "Day": 0.0000000000000165912249768043,
  "Day_Fluctuation": 0.13079941952808466,
  "Week": 0.0000000000000165912249768043,
  "Week_Fluctuation": 0.13079941952808466,
  "Duration": "00:23:31.5754496",
  "Updated": "2018-04-28T14:35:07.8459136Z"
}
