{
  "Live": 0.00000000007309324,
  "Minute": 0.00000000007309324,
  "Minute_Fluctuation": 0.00693052693933096,
  "Minute_5": 0.0000000000726557161879411,
  "Minute_5_Fluctuation": 0.018041177012265382,
  "Minute_10": 0.0000000000717574186902406,
  "Minute_10_Fluctuation": 0.017597304437705224,
  "Hour": 0.0000000000710810742184736,
  "Hour_Fluctuation": 0.012718286938656847,
  "Day": 0.0000000000710810742184736,
  "Day_Fluctuation": 0.012718286938656847,
  "Week": 0.0000000000710810742184736,
  "Week_Fluctuation": 0.012718286938656847,
  "Duration": "00:24:34.4684896",
  "Updated": "2018-04-28T14:34:48.6971465Z"
}
