{
  "Live": 0.00000000000036361,
  "Minute": 0.00000000000036361,
  "Minute_Fluctuation": 1.2825486503452608,
  "Minute_5": 0.000000000000254899103045408,
  "Minute_5_Fluctuation": 0.43917446026728912,
  "Minute_10": 0.000000000000259242455047564,
  "Minute_10_Fluctuation": 0.29711851519595422,
  "Hour": 0.000000000000264959304306332,
  "Hour_Fluctuation": 0.22837231262891958,
  "Day": 0.000000000000264959304306332,
  "Day_Fluctuation": 0.22837231262891958,
  "Week": 0.000000000000264959304306332,
  "Week_Fluctuation": 0.22837231262891958,
  "Duration": "00:24:34.4684896",
  "Updated": "2018-04-28T14:35:03.6478159Z"
}
