{
  "Live": 0.00000000000000181,
  "Minute": 0.00000000000000181,
  "Minute_Fluctuation": 0.016853932584269714,
  "Minute_5": 0.0000000000000018470003313903,
  "Minute_5_Fluctuation": 0.0470770796835955,
  "Minute_10": 0.0000000000000018974080166582,
  "Minute_10_Fluctuation": 0.03661522331931033,
  "Hour": 0.0000000000000019302865198368,
  "Hour_Fluctuation": 0.023371306821497656,
  "Day": 0.0000000000000019302865198368,
  "Day_Fluctuation": 0.023371306821497656,
  "Week": 0.0000000000000019302865198368,
  "Week_Fluctuation": 0.023371306821497656,
  "Duration": "00:23:31.5754496",
  "Updated": "2018-04-28T14:35:08.2315381Z"
}
