{
  "Live": 0.0000000000003191,
  "Minute": 0.0000000000003191,
  "Minute_Fluctuation": 1.0228209191759112,
  "Minute_5": 0.000000000000209411617725946,
  "Minute_5_Fluctuation": 0.33252729309036061,
  "Minute_10": 0.000000000000198025538094648,
  "Minute_10_Fluctuation": 0.21730988103325743,
  "Hour": 0.000000000000193941740429334,
  "Hour_Fluctuation": 0.167612017261271,
  "Day": 0.000000000000193941740429334,
  "Day_Fluctuation": 0.167612017261271,
  "Week": 0.000000000000193941740429334,
  "Week_Fluctuation": 0.16761201726126998,
  "Duration": "00:24:34.4684896",
  "Updated": "2018-04-28T14:34:51.3701233Z"
}
