{
  "Live": 0.00000036081267719,
  "Minute": 0.00000036081267719,
  "Minute_Fluctuation": 0.04698830446148379,
  "Minute_5": 0.000000366799565012591,
  "Minute_5_Fluctuation": 0.032655023427832913,
  "Minute_10": 0.000000362777492190205,
  "Minute_10_Fluctuation": 0.02942516847385112,
  "Hour": 0.000000360083158309926,
  "Hour_Fluctuation": 0.029083995061938678,
  "Day": 0.000000360083158309926,
  "Day_Fluctuation": 0.029083995061938681,
  "Week": 0.000000360083158309926,
  "Week_Fluctuation": 0.029083995061938681,
  "Duration": "00:23:31.5754496",
  "Updated": "2018-04-28T14:35:27.3126695Z"
}
