{
  "Live": 0.00000000000506738,
  "Minute": 0.00000000000506738,
  "Minute_Fluctuation": 0.50262130970596253,
  "Minute_5": 0.0000000000039082871725447,
  "Minute_5_Fluctuation": 0.15887738957201492,
  "Minute_10": 0.00000000000377834503724238,
  "Minute_10_Fluctuation": 0.11153986595072267,
  "Hour": 0.00000000000372304745922531,
  "Hour_Fluctuation": 0.090402020718464843,
  "Day": 0.00000000000372304745922531,
  "Day_Fluctuation": 0.090402020718464746,
  "Week": 0.00000000000372304745922531,
  "Week_Fluctuation": 0.090402020718464732,
  "Duration": "00:23:31.5754496",
  "Updated": "2018-04-28T14:35:20.1525479Z"
}
