{
  "Live": 0.00000000000034175,
  "Minute": 0.00000000000034175,
  "Minute_Fluctuation": 0.041412725499756206,
  "Minute_5": 0.000000000000325910537951697,
  "Minute_5_Fluctuation": 0.059408694877587792,
  "Minute_10": 0.000000000000313298191220226,
  "Minute_10_Fluctuation": 0.0671189904058129,
  "Hour": 0.000000000000304488708935294,
  "Hour_Fluctuation": 0.057632907698093941,
  "Day": 0.000000000000304488708935294,
  "Day_Fluctuation": 0.057632907698093941,
  "Week": 0.000000000000304488708935294,
  "Week_Fluctuation": 0.057632907698093941,
  "Duration": "00:23:31.5754496",
  "Updated": "2018-04-28T14:35:14.7875764Z"
}
