{
  "Live": 0.0000000000000179,
  "Minute": 0.0000000000000179,
  "Minute_Fluctuation": 0.34992458521870295,
  "Minute_5": 0.0000000000000148786159653792,
  "Minute_5_Fluctuation": 0.13667286124569972,
  "Minute_10": 0.0000000000000150092703250595,
  "Minute_10_Fluctuation": 0.11806767669922896,
  "Hour": 0.0000000000000152664474831483,
  "Hour_Fluctuation": 0.10511432276994243,
  "Day": 0.0000000000000152664474831483,
  "Day_Fluctuation": 0.10511432276994244,
  "Week": 0.0000000000000152664474831483,
  "Week_Fluctuation": 0.10511432276994244,
  "Duration": "00:23:31.5754496",
  "Updated": "2018-04-28T14:35:29.5413615Z"
}
