{
  "Live": 0.00000011,
  "Minute": 0.00000011,
  "Minute_Fluctuation": 0.0,
  "Minute_5": 0.00000011,
  "Minute_5_Fluctuation": 0.0,
  "Minute_10": 0.00000011,
  "Minute_10_Fluctuation": 0.0,
  "Hour": 0.00000011,
  "Hour_Fluctuation": 0.0,
  "Day": 0.00000011,
  "Day_Fluctuation": 0.0,
  "Week": 0.00000011,
  "Week_Fluctuation": 0.0,
  "Duration": "00:23:31.5754496",
  "Updated": "2018-04-27T10:54:43.0039099Z"
}
