{
  "Live": 0.00000000000116395,
  "Minute": 0.00000000000116395,
  "Minute_Fluctuation": 0.0034397737853028251,
  "Minute_5": 0.0000000000011855006382505,
  "Minute_5_Fluctuation": 0.03838228805752273,
  "Minute_10": 0.00000000000120335774720959,
  "Minute_10_Fluctuation": 0.038325276689947479,
  "Hour": 0.00000000000121400351545975,
  "Hour_Fluctuation": 0.035885286670563996,
  "Day": 0.00000000000121400351545975,
  "Day_Fluctuation": 0.035885286670564009,
  "Week": 0.00000000000121400351545975,
  "Week_Fluctuation": 0.035885286670564009,
  "Duration": "00:23:31.5754496",
  "Updated": "2018-04-28T14:35:28.5090202Z"
}
