{
  "Live": 0.00000000000000006,
  "Minute": 0.00000000000000006,
  "Minute_Fluctuation": 2.0543252740130515E-16,
  "Minute_5": 0.0000000000000000600855363241,
  "Minute_5_Fluctuation": 0.0081209791267286436,
  "Minute_10": 0.0000000000000000605196784718,
  "Minute_10_Fluctuation": 0.023701325854396306,
  "Hour": 0.0000000000000000608862688408,
  "Hour_Fluctuation": 0.031157800095704895,
  "Day": 0.0000000000000000608862688408,
  "Day_Fluctuation": 0.031157800095704895,
  "Week": 0.0000000000000000608862688408,
  "Week_Fluctuation": 0.0311578000957049,
  "Duration": "00:23:31.5754496",
  "Updated": "2018-04-27T11:13:38.6186137Z"
}
