{
  "Live": 0.0000000000000065,
  "Minute": 0.0000000000000065,
  "Minute_Fluctuation": 0.025487256371814093,
  "Minute_5": 0.0000000000000065249644871583,
  "Minute_5_Fluctuation": 0.018811337143424253,
  "Minute_10": 0.0000000000000064669620795085,
  "Minute_10_Fluctuation": 0.013893864223811506,
  "Hour": 0.0000000000000064299434965753,
  "Hour_Fluctuation": 0.01079140580302594,
  "Day": 0.0000000000000064299434965753,
  "Day_Fluctuation": 0.01079140580302594,
  "Week": 0.0000000000000064299434965753,
  "Week_Fluctuation": 0.01079140580302594,
  "Duration": "00:23:31.5754496",
  "Updated": "2018-04-28T14:35:22.0446912Z"
}
