{
  "Live": 0.00000000000015579,
  "Minute": 0.00000000000015579,
  "Minute_Fluctuation": 0.045696784073507045,
  "Minute_5": 0.000000000000154518022935413,
  "Minute_5_Fluctuation": 0.10518202117442896,
  "Minute_10": 0.000000000000157633574369331,
  "Minute_10_Fluctuation": 0.1143666779981818,
  "Hour": 0.00000000000016114407494735,
  "Hour_Fluctuation": 0.1272607670897665,
  "Day": 0.00000000000016114407494735,
  "Day_Fluctuation": 0.1272607670897665,
  "Week": 0.00000000000016114407494735,
  "Week_Fluctuation": 0.12726076708976652,
  "Duration": "00:23:31.5754496",
  "Updated": "2018-04-28T14:35:16.3545488Z"
}
