{
  "Live": 0.00000000000563498,
  "Minute": 0.00000000000563498,
  "Minute_Fluctuation": 0.00035479991059031354,
  "Minute_5": 0.00000000000570020122200064,
  "Minute_5_Fluctuation": 0.02540721505900314,
  "Minute_10": 0.00000000000572232979846699,
  "Minute_10_Fluctuation": 0.021830880325415004,
  "Hour": 0.00000000000572956692691854,
  "Hour_Fluctuation": 0.020157331584214396,
  "Day": 0.00000000000572956692691854,
  "Day_Fluctuation": 0.0201573315842144,
  "Week": 0.00000000000572956692691854,
  "Week_Fluctuation": 0.020157331584214403,
  "Duration": "00:23:31.5754496",
  "Updated": "2018-04-28T14:35:25.3053701Z"
}
