{
  "Live": 0.00000000000003621,
  "Minute": 0.00000000000003621,
  "Minute_Fluctuation": 0.03026245313336914,
  "Minute_5": 0.0000000000000374582399203524,
  "Minute_5_Fluctuation": 0.032621076525146023,
  "Minute_10": 0.0000000000000376911006048956,
  "Minute_10_Fluctuation": 0.026453835574642232,
  "Hour": 0.0000000000000377555814006183,
  "Hour_Fluctuation": 0.022804203610628567,
  "Day": 0.0000000000000377555814006184,
  "Day_Fluctuation": 0.022804203610629025,
  "Week": 0.0000000000000377555814006184,
  "Week_Fluctuation": 0.022804203610629025,
  "Duration": "00:23:31.5754496",
  "Updated": "2018-04-28T14:35:26.9233951Z"
}
