{
  "Live": 0.00000000000003663,
  "Minute": 0.00000000000003663,
  "Minute_Fluctuation": 0.0024509803921569347,
  "Minute_5": 0.0000000000000360157923048078,
  "Minute_5_Fluctuation": 0.039585343127941791,
  "Minute_10": 0.0000000000000349497759382282,
  "Minute_10_Fluctuation": 0.047472074059818514,
  "Hour": 0.0000000000000341590220204539,
  "Hour_Fluctuation": 0.03921189790584774,
  "Day": 0.0000000000000341590220204539,
  "Day_Fluctuation": 0.03921189790584774,
  "Week": 0.0000000000000341590220204539,
  "Week_Fluctuation": 0.03921189790584774,
  "Duration": "00:23:31.5754496",
  "Updated": "2018-04-28T14:35:27.9375576Z"
}
