{
  "Live": 0.00000000000362172,
  "Minute": 0.00000000000362172,
  "Minute_Fluctuation": 0.184965478751654,
  "Minute_5": 0.00000000000418968461031257,
  "Minute_5_Fluctuation": 0.063240015770210184,
  "Minute_10": 0.00000000000429551749227018,
  "Minute_10_Fluctuation": 0.036975867625470518,
  "Hour": 0.00000000000435918185084692,
  "Hour_Fluctuation": 0.022206334050755807,
  "Day": 0.00000000000435918185084692,
  "Day_Fluctuation": 0.0222063340507559,
  "Week": 0.00000000000435918185084692,
  "Week_Fluctuation": 0.0222063340507559,
  "Duration": "00:23:31.5754496",
  "Updated": "2018-04-28T14:35:30.057064Z"
}
