{
  "Live": 0.00000000000003218,
  "Minute": 0.00000000000003218,
  "Minute_Fluctuation": 0.096796182685753365,
  "Minute_5": 0.0000000000000290569194640635,
  "Minute_5_Fluctuation": 0.10269943583333394,
  "Minute_10": 0.0000000000000283795689340554,
  "Minute_10_Fluctuation": 0.093229691381900265,
  "Hour": 0.0000000000000280589612888779,
  "Hour_Fluctuation": 0.096593921268717534,
  "Day": 0.0000000000000280589612888779,
  "Day_Fluctuation": 0.096593921268717534,
  "Week": 0.0000000000000280589612888779,
  "Week_Fluctuation": 0.096593921268717534,
  "Duration": "00:23:31.5754496",
  "Updated": "2018-04-28T14:35:13.837543Z"
}
