{
  "Live": 0.00000000000000717,
  "Minute": 0.00000000000000717,
  "Minute_Fluctuation": 0.0027972027972027326,
  "Minute_5": 0.0000000000000080319972308713,
  "Minute_5_Fluctuation": 0.1609758492760473,
  "Minute_10": 0.000000000000008947436994455,
  "Minute_10_Fluctuation": 0.13537156218298674,
  "Hour": 0.0000000000000095740122605008,
  "Hour_Fluctuation": 0.10295049812981476,
  "Day": 0.0000000000000095740122605008,
  "Day_Fluctuation": 0.10295049812981477,
  "Week": 0.0000000000000095740122605008,
  "Week_Fluctuation": 0.10295049812981476,
  "Duration": "00:23:31.5754496",
  "Updated": "2018-04-28T14:35:26.1045615Z"
}
