{
  "Live": 0.00000000014698649,
  "Minute": 0.00000000014698649,
  "Minute_Fluctuation": 0.37728697502739839,
  "Minute_5": 0.000000000125985485143948,
  "Minute_5_Fluctuation": 0.21976752833761987,
  "Minute_10": 0.00000000012990668175487,
  "Minute_10_Fluctuation": 0.18871828126590759,
  "Hour": 0.000000000133522871658218,
  "Hour_Fluctuation": 0.17858817013006478,
  "Day": 0.000000000133522871658218,
  "Day_Fluctuation": 0.17858817013006481,
  "Week": 0.000000000133522871658218,
  "Week_Fluctuation": 0.17858817013006484,
  "Duration": "00:23:31.5754496",
  "Updated": "2018-04-28T14:35:16.6639405Z"
}
