{
  "Live": 0.00000000000096357,
  "Minute": 0.00000000000096357,
  "Minute_Fluctuation": 0.0022154268597103419,
  "Minute_5": 0.000000000000960724508424676,
  "Minute_5_Fluctuation": 0.0050572378337595016,
  "Minute_10": 0.000000000000957695405577423,
  "Minute_10_Fluctuation": 0.0066459937885510615,
  "Hour": 0.000000000000955326469045665,
  "Hour_Fluctuation": 0.0066897840987665954,
  "Day": 0.000000000000955326469045665,
  "Day_Fluctuation": 0.0066897840987665425,
  "Week": 0.000000000000955326469045665,
  "Week_Fluctuation": 0.0066897840987665972,
  "Duration": "00:23:31.5754496",
  "Updated": "2018-04-28T14:35:12.2068414Z"
}
