{
  "Live": 0.00000000000019697,
  "Minute": 0.00000000000019697,
  "Minute_Fluctuation": 0.026687516288767303,
  "Minute_5": 0.000000000000201271265292626,
  "Minute_5_Fluctuation": 0.086176717448908591,
  "Minute_10": 0.000000000000201248973804936,
  "Minute_10_Fluctuation": 0.079944215947059555,
  "Hour": 0.00000000000020005966673088,
  "Hour_Fluctuation": 0.077001332758118754,
  "Day": 0.00000000000020005966673088,
  "Day_Fluctuation": 0.077001332758118754,
  "Week": 0.00000000000020005966673088,
  "Week_Fluctuation": 0.077001332758118754,
  "Duration": "00:23:31.5754496",
  "Updated": "2018-04-28T14:35:19.1932678Z"
}
