{
  "Live": 0.0000000000001744,
  "Minute": 0.0000000000001744,
  "Minute_Fluctuation": 0.12132707516234827,
  "Minute_5": 0.000000000000166350019410458,
  "Minute_5_Fluctuation": 0.061167253880847969,
  "Minute_10": 0.000000000000168720285082196,
  "Minute_10_Fluctuation": 0.046844598229334532,
  "Hour": 0.000000000000170337757171867,
  "Hour_Fluctuation": 0.04221379106391001,
  "Day": 0.000000000000170337757171867,
  "Day_Fluctuation": 0.042213791063910017,
  "Week": 0.000000000000170337757171867,
  "Week_Fluctuation": 0.042213791063910017,
  "Duration": "00:23:31.5754496",
  "Updated": "2018-04-28T14:35:18.7331998Z"
}
