{
  "Live": 0.00000000000013621,
  "Minute": 0.00000000000013621,
  "Minute_Fluctuation": 0.014372952040512345,
  "Minute_5": 0.000000000000139953772829791,
  "Minute_5_Fluctuation": 0.053206965561854135,
  "Minute_10": 0.000000000000144877125691134,
  "Minute_10_Fluctuation": 0.040423619621671111,
  "Hour": 0.000000000000148168594930844,
  "Hour_Fluctuation": 0.02423493196118073,
  "Day": 0.000000000000148168594930844,
  "Day_Fluctuation": 0.02423493196118073,
  "Week": 0.000000000000148168594930844,
  "Week_Fluctuation": 0.02423493196118073,
  "Duration": "00:23:31.5754496",
  "Updated": "2018-04-28T14:35:15.5032864Z"
}
