{
  "Live": 0.00000002868590697,
  "Minute": 0.00000002868590697,
  "Minute_Fluctuation": 0.026620347283591906,
  "Minute_5": 0.0000000282831840018528,
  "Minute_5_Fluctuation": 0.015956146695825946,
  "Minute_10": 0.0000000282570748420512,
  "Minute_10_Fluctuation": 0.013784301200703675,
  "Hour": 0.000000028235401534533,
  "Hour_Fluctuation": 0.012977166100749131,
  "Day": 0.000000028235401534533,
  "Day_Fluctuation": 0.012977166100749131,
  "Week": 0.000000028235401534533,
  "Week_Fluctuation": 0.012977166100749133,
  "Duration": "00:23:31.5754496",
  "Updated": "2018-04-28T14:35:26.4871294Z"
}
