{
  "Live": 0.00000000000147711,
  "Minute": 0.00000000000147711,
  "Minute_Fluctuation": 0.23067886422715458,
  "Minute_5": 0.0000000000028574764910057,
  "Minute_5_Fluctuation": 0.50828755352167476,
  "Minute_10": 0.00000000000442255137674748,
  "Minute_10_Fluctuation": 0.34678741338646035,
  "Hour": 0.00000000000546617877955091,
  "Hour_Fluctuation": 0.213185148182705,
  "Day": 0.00000000000546617877955091,
  "Day_Fluctuation": 0.213185148182705,
  "Week": 0.00000000000546617877955091,
  "Week_Fluctuation": 0.213185148182705,
  "Duration": "00:23:31.5754496",
  "Updated": "2018-04-28T14:35:17.2368885Z"
}
