{
  "Live": 0.00000017479691436,
  "Minute": 0.00000017479691436,
  "Minute_Fluctuation": 0.03891609534341587,
  "Minute_5": 0.000000178717901592791,
  "Minute_5_Fluctuation": 0.016192687297733127,
  "Minute_10": 0.000000178643856571736,
  "Minute_10_Fluctuation": 0.00977767565793672,
  "Hour": 0.000000178511359104469,
  "Hour_Fluctuation": 0.0064093777897332553,
  "Day": 0.000000178511359104469,
  "Day_Fluctuation": 0.0064093777897332562,
  "Week": 0.000000178511359104469,
  "Week_Fluctuation": 0.0064093777897332553,
  "Duration": "00:23:31.5754496",
  "Updated": "2018-04-28T14:35:30.4452194Z"
}
