{
  "Live": 0.00000000000000166,
  "Minute": 0.00000000000000166,
  "Minute_Fluctuation": 0.012195121951219469,
  "Minute_5": 0.0000000000000017272792011173,
  "Minute_5_Fluctuation": 0.069186623055328925,
  "Minute_10": 0.0000000000000018070291267949,
  "Minute_10_Fluctuation": 0.053688127649059,
  "Hour": 0.0000000000000018602550020728,
  "Hour_Fluctuation": 0.034322107493140276,
  "Day": 0.0000000000000018602550020728,
  "Day_Fluctuation": 0.034322107493140276,
  "Week": 0.0000000000000018602550020728,
  "Week_Fluctuation": 0.034322107493140276,
  "Duration": "00:23:31.5754496",
  "Updated": "2018-04-28T14:35:29.0128813Z"
}
