{
  "Live": 0.00000000000004655,
  "Minute": 0.00000000000004655,
  "Minute_Fluctuation": 0.72395184723951855,
  "Minute_5": 0.000000000000105355085894515,
  "Minute_5_Fluctuation": 0.56477019619200364,
  "Minute_10": 0.0000000000000983892415049973,
  "Minute_10_Fluctuation": 0.34149030894755422,
  "Hour": 0.0000000000000939148125340785,
  "Hour_Fluctuation": 0.22133795749266924,
  "Day": 0.0000000000000939148125340785,
  "Day_Fluctuation": 0.22133795749266927,
  "Week": 0.0000000000000939148125340785,
  "Week_Fluctuation": 0.22133795749266924,
  "Duration": "00:21:27.3959577",
  "Updated": "2018-04-28T14:36:34.8035019Z"
}
