{
  "Live": 0.0000000000528,
  "Minute": 0.0000000000528,
  "Minute_Fluctuation": 0.2985735366453518,
  "Minute_5": 0.0000000000457788281330532,
  "Minute_5_Fluctuation": 0.13899489280342581,
  "Minute_10": 0.0000000000466115468367785,
  "Minute_10_Fluctuation": 0.10345065762648067,
  "Hour": 0.0000000000473071307350883,
  "Hour_Fluctuation": 0.086525211409722691,
  "Day": 0.0000000000473071307350883,
  "Day_Fluctuation": 0.086525211409722677,
  "Week": 0.0000000000473071307350883,
  "Week_Fluctuation": 0.086525211409722677,
  "Duration": "00:21:27.3959577",
  "Updated": "2018-04-28T14:36:50.7389427Z"
}
