{
  "Live": 0.00000000000774,
  "Minute": 0.00000000000774,
  "Minute_Fluctuation": 0.11206896551724142,
  "Minute_5": 0.00000000000748280358633627,
  "Minute_5_Fluctuation": 0.069995752275025261,
  "Minute_10": 0.00000000000773715012046811,
  "Minute_10_Fluctuation": 0.051899011625552743,
  "Hour": 0.00000000000789314209633185,
  "Hour_Fluctuation": 0.044782962249893116,
  "Day": 0.00000000000789314209633185,
  "Day_Fluctuation": 0.044782962249893123,
  "Week": 0.00000000000789314209633185,
  "Week_Fluctuation": 0.044782962249893116,
  "Duration": "00:21:27.3959577",
  "Updated": "2018-04-28T14:36:43.1762171Z"
}
