{
  "Live": 0.00000000000004963,
  "Minute": 0.00000000000004963,
  "Minute_Fluctuation": 0.987585102122547,
  "Minute_5": 0.0000000000000314985578370554,
  "Minute_5_Fluctuation": 0.32651177329085984,
  "Minute_10": 0.0000000000000292446886539278,
  "Minute_10_Fluctuation": 0.22237072688095383,
  "Hour": 0.0000000000000285746523262302,
  "Hour_Fluctuation": 0.0654901940108609,
  "Day": 0.0000000000000283624686813744,
  "Day_Fluctuation": 0.0031272804028772442,
  "Week": 0.0000000000000283624496300122,
  "Week_Fluctuation": 0.0031056851914306322,
  "Duration": "1.00:20:21.0970095",
  "Updated": "2018-04-28T14:36:17.6164337Z"
}
