{
  "Live": 0.00000000000025,
  "Minute": 0.00000000000025,
  "Minute_Fluctuation": 0.19047619047619052,
  "Minute_5": 0.000000000000230655944252799,
  "Minute_5_Fluctuation": 0.08852510557655896,
  "Minute_10": 0.000000000000229921389272115,
  "Minute_10_Fluctuation": 0.060221728398971386,
  "Hour": 0.000000000000229415241885115,
  "Hour_Fluctuation": 0.048351987997801937,
  "Day": 0.000000000000229415241885115,
  "Day_Fluctuation": 0.048351987997801937,
  "Week": 0.000000000000229415241885115,
  "Week_Fluctuation": 0.048351987997801937,
  "Duration": "00:21:27.3959577",
  "Updated": "2018-04-28T14:36:34.50785Z"
}
