{
  "Live": 0.00000000000001224,
  "Minute": 0.00000000000001224,
  "Minute_Fluctuation": 1.2889884072238754E-16,
  "Minute_5": 0.0000000000000123555038235584,
  "Minute_5_Fluctuation": 0.014939634418588593,
  "Minute_10": 0.0000000000000124719495145418,
  "Minute_10_Fluctuation": 0.011187968652266157,
  "Hour": 0.0000000000000125395836331154,
  "Hour_Fluctuation": 0.00726720007817877,
  "Day": 0.0000000000000125395836331154,
  "Day_Fluctuation": 0.0072672000781787713,
  "Week": 0.0000000000000125395836331154,
  "Week_Fluctuation": 0.00726720007817877,
  "Duration": "00:21:27.3959577",
  "Updated": "2018-04-28T14:08:17.3443703Z"
}
