{
  "Live": 0.00000000000070111,
  "Minute": 0.00000000000070111,
  "Minute_Fluctuation": 0.0,
  "Minute_5": 0.000000000000705967604108528,
  "Minute_5_Fluctuation": 0.018021661040308067,
  "Minute_10": 0.000000000000706158762903396,
  "Minute_10_Fluctuation": 0.014619777099387865,
  "Hour": 0.000000000000706585345365722,
  "Hour_Fluctuation": 0.014960331871535946,
  "Day": 0.000000000000706585345365722,
  "Day_Fluctuation": 0.014960331871535944,
  "Week": 0.000000000000706585345365722,
  "Week_Fluctuation": 0.014960331871535944,
  "Duration": "00:16:32.1729603",
  "Updated": "2018-04-27T11:39:16.211851Z"
}
