{
  "Live": 0.00000000000558,
  "Minute": 0.00000000000558,
  "Minute_Fluctuation": 0.22907488986784152,
  "Minute_5": 0.00000000000455376449038806,
  "Minute_5_Fluctuation": 0.26001213259723527,
  "Minute_10": 0.00000000000433491694554883,
  "Minute_10_Fluctuation": 0.21473539602456906,
  "Hour": 0.00000000000423039363755445,
  "Hour_Fluctuation": 0.20337302098174392,
  "Day": 0.00000000000423039363755445,
  "Day_Fluctuation": 0.20337302098174392,
  "Week": 0.00000000000423039363755445,
  "Week_Fluctuation": 0.20337302098174417,
  "Duration": "00:21:27.3959577",
  "Updated": "2018-04-28T14:36:54.3672333Z"
}
