{
  "Live": 0.00000000000067103,
  "Minute": 0.00000000000067103,
  "Minute_Fluctuation": 0.0069260481567535422,
  "Minute_5": 0.00000000000069576515444526,
  "Minute_5_Fluctuation": 0.055619036552965906,
  "Minute_10": 0.000000000000719514746573583,
  "Minute_10_Fluctuation": 0.047442422432960894,
  "Hour": 0.000000000000733573541256068,
  "Hour_Fluctuation": 0.037203676339078132,
  "Day": 0.000000000000733573541256068,
  "Day_Fluctuation": 0.037203676339078125,
  "Week": 0.000000000000733573541256068,
  "Week_Fluctuation": 0.037203676339078125,
  "Duration": "00:21:27.3959577",
  "Updated": "2018-04-28T14:37:05.1265662Z"
}
