{
  "Live": 0.00000000000073704,
  "Minute": 0.00000000000073704,
  "Minute_Fluctuation": 0.23971818491278377,
  "Minute_5": 0.000000000000888358502115556,
  "Minute_5_Fluctuation": 0.0907202842311898,
  "Minute_10": 0.000000000000901601380517102,
  "Minute_10_Fluctuation": 0.054516678183171095,
  "Hour": 0.000000000000907175224903178,
  "Hour_Fluctuation": 0.036177466656816669,
  "Day": 0.000000000000907175224903178,
  "Day_Fluctuation": 0.036177466656816676,
  "Week": 0.000000000000907175224903178,
  "Week_Fluctuation": 0.036177466656816669,
  "Duration": "00:21:27.3959577",
  "Updated": "2018-04-28T14:37:21.84415Z"
}
