{
  "Live": 0.00000000000009942,
  "Minute": 0.00000000000009942,
  "Minute_Fluctuation": 0.26670600383537391,
  "Minute_5": 0.000000000000117704941086246,
  "Minute_5_Fluctuation": 0.16638621358623684,
  "Minute_10": 0.000000000000114311985699671,
  "Minute_10_Fluctuation": 0.1512257787269477,
  "Hour": 0.000000000000112438249756575,
  "Hour_Fluctuation": 0.13560965611678905,
  "Day": 0.000000000000112438249756575,
  "Day_Fluctuation": 0.13560965611678905,
  "Week": 0.000000000000112438249756575,
  "Week_Fluctuation": 0.13560965611678905,
  "Duration": "00:21:27.3959577",
  "Updated": "2018-04-28T14:37:31.2665833Z"
}
