{
  "Live": 0.00000000000035,
  "Minute": 0.00000000000035,
  "Minute_Fluctuation": 0.16666666666666663,
  "Minute_5": 0.000000000000318747993530586,
  "Minute_5_Fluctuation": 0.18750133764627622,
  "Minute_10": 0.000000000000318747993530586,
  "Minute_10_Fluctuation": 0.18750133764627622,
  "Hour": 0.000000000000318747993530586,
  "Hour_Fluctuation": 0.18750133764627622,
  "Day": 0.000000000000318747993530586,
  "Day_Fluctuation": 0.18750133764627619,
  "Week": 0.000000000000318747993530586,
  "Week_Fluctuation": 0.18750133764627619,
  "Duration": "00:04:55.2229974",
  "Updated": "2018-04-28T14:36:43.4767517Z"
}
