{
  "Live": 0.00000000000002399,
  "Minute": 0.00000000000002399,
  "Minute_Fluctuation": 1.9327628361858193,
  "Minute_5": 0.0000000000000134236622424463,
  "Minute_5_Fluctuation": 0.62800440731967111,
  "Minute_10": 0.0000000000000140215156679222,
  "Minute_10_Fluctuation": 0.43550983152689005,
  "Hour": 0.0000000000000146784133296387,
  "Hour_Fluctuation": 0.36632275257515307,
  "Day": 0.0000000000000146784133296386,
  "Day_Fluctuation": 0.36632275257515368,
  "Week": 0.0000000000000146784133296387,
  "Week_Fluctuation": 0.36632275257515307,
  "Duration": "00:21:27.3959577",
  "Updated": "2018-04-28T14:37:35.1168343Z"
}
