{
  "Live": 0.00000000000000014,
  "Minute": 0.00000000000000014,
  "Minute_Fluctuation": 0.12500000000000017,
  "Minute_5": 0.0000000000000001600080704521,
  "Minute_5_Fluctuation": 0.13942545497777428,
  "Minute_10": 0.0000000000000001765153566021,
  "Minute_10_Fluctuation": 0.16330392625844178,
  "Hour": 0.0000000000000001870104631282,
  "Hour_Fluctuation": 0.15540901436681037,
  "Day": 0.0000000000000001870104631282,
  "Day_Fluctuation": 0.15540901436681037,
  "Week": 0.0000000000000001870104631282,
  "Week_Fluctuation": 0.15540901436681037,
  "Duration": "00:21:27.3959577",
  "Updated": "2018-04-28T14:36:49.9433391Z"
}
