{
  "Live": 0.00000000000001818,
  "Minute": 0.00000000000001818,
  "Minute_Fluctuation": 0.15598885793871856,
  "Minute_5": 0.0000000000000191987936100297,
  "Minute_5_Fluctuation": 0.15286102912793167,
  "Minute_10": 0.0000000000000178323542257386,
  "Minute_10_Fluctuation": 0.11587561446060242,
  "Hour": 0.0000000000000169539842229188,
  "Hour_Fluctuation": 0.085729251960157557,
  "Day": 0.0000000000000169539842229188,
  "Day_Fluctuation": 0.085729251960157571,
  "Week": 0.0000000000000169539842229188,
  "Week_Fluctuation": 0.085729251960157557,
  "Duration": "00:21:27.3959577",
  "Updated": "2018-04-28T14:36:32.2755871Z"
}
