{
  "Live": 0.00000000000001655,
  "Minute": 0.00000000000001655,
  "Minute_Fluctuation": 0.38292319164802385,
  "Minute_5": 0.0000000000000208442494003777,
  "Minute_5_Fluctuation": 0.30706857758217,
  "Minute_10": 0.0000000000000202251497846527,
  "Minute_10_Fluctuation": 0.21635943257797918,
  "Hour": 0.0000000000000198562632010737,
  "Hour_Fluctuation": 0.177987470834073,
  "Day": 0.0000000000000198562632010737,
  "Day_Fluctuation": 0.177987470834073,
  "Week": 0.0000000000000198562632010737,
  "Week_Fluctuation": 0.177987470834073,
  "Duration": "00:21:27.3959577",
  "Updated": "2018-04-28T14:37:26.1962345Z"
}
