{
  "Live": 0.00000000000094,
  "Minute": 0.00000000000094,
  "Minute_Fluctuation": 0.60337552742616041,
  "Minute_5": 0.00000000000175798464881266,
  "Minute_5_Fluctuation": 0.56500643171565412,
  "Minute_10": 0.00000000000222541319995274,
  "Minute_10_Fluctuation": 0.57299383279794669,
  "Hour": 0.00000000000267565799531192,
  "Hour_Fluctuation": 0.21550273522098862,
  "Day": 0.00000000000276585727202024,
  "Day_Fluctuation": 0.01041252944609627,
  "Week": 0.00000000000276589285813783,
  "Week_Fluctuation": 0.010346041597413516,
  "Duration": "1.00:20:21.0970095",
  "Updated": "2018-04-28T14:36:15.4795962Z"
}
