{
  "Live": 0.00000000000168,
  "Minute": 0.00000000000168,
  "Minute_Fluctuation": 0.29999999999999993,
  "Minute_5": 0.00000000000183622182689476,
  "Minute_5_Fluctuation": 0.4262937060350066,
  "Minute_10": 0.00000000000164178084078494,
  "Minute_10_Fluctuation": 0.34537130130321009,
  "Hour": 0.00000000000153053310483354,
  "Hour_Fluctuation": 0.31072482154930431,
  "Day": 0.00000000000153053310483354,
  "Day_Fluctuation": 0.31072482154930431,
  "Week": 0.00000000000153053310483354,
  "Week_Fluctuation": 0.31072482154930431,
  "Duration": "00:21:27.3959577",
  "Updated": "2018-04-28T14:37:22.0804999Z"
}
