{
  "Live": 0.00000000000076534,
  "Minute": 0.00000000000076534,
  "Minute_Fluctuation": 0.079875269848884767,
  "Minute_5": 0.00000000000086521933189389,
  "Minute_5_Fluctuation": 0.32250965580887148,
  "Minute_10": 0.000000000000875780900103499,
  "Minute_10_Fluctuation": 0.28250506905671857,
  "Hour": 0.000000000000874189080864636,
  "Hour_Fluctuation": 0.25418618012113564,
  "Day": 0.000000000000874189080864636,
  "Day_Fluctuation": 0.25418618012113564,
  "Week": 0.000000000000874189080864636,
  "Week_Fluctuation": 0.25418618012113564,
  "Duration": "00:21:27.3959577",
  "Updated": "2018-04-28T14:37:28.6753131Z"
}
