{
  "Live": 0.00000000004424,
  "Minute": 0.00000000004424,
  "Minute_Fluctuation": 0.25509345007577033,
  "Minute_5": 0.0000000000527650920612528,
  "Minute_5_Fluctuation": 0.13704817378133688,
  "Minute_10": 0.0000000000509224419650938,
  "Minute_10_Fluctuation": 0.18493708976327011,
  "Hour": 0.0000000000497480101386701,
  "Hour_Fluctuation": 0.19952743780113111,
  "Day": 0.0000000000497480101386701,
  "Day_Fluctuation": 0.19952743780113108,
  "Week": 0.0000000000497480101386701,
  "Week_Fluctuation": 0.19952743780113108,
  "Duration": "00:21:27.3959577",
  "Updated": "2018-04-28T14:36:59.9554673Z"
}
