{
  "Live": 0.00000000000776,
  "Minute": 0.00000000000776,
  "Minute_Fluctuation": 0.30714285714285711,
  "Minute_5": 0.00000000000960114700005637,
  "Minute_5_Fluctuation": 0.28458424598835891,
  "Minute_10": 0.000000000010173506596181,
  "Minute_10_Fluctuation": 0.23905214515955842,
  "Hour": 0.0000000000111350114019143,
  "Hour_Fluctuation": 0.078038409620472232,
  "Day": 0.0000000000113696739784062,
  "Day_Fluctuation": 0.0038401784679473481,
  "Week": 0.0000000000113697946251345,
  "Week_Fluctuation": 0.0038170959866406402,
  "Duration": "1.00:20:21.0970095",
  "Updated": "2018-04-28T14:35:45.1316128Z"
}
