{
  "Live": 0.00000000000005916,
  "Minute": 0.00000000000005916,
  "Minute_Fluctuation": 0.019999999999999862,
  "Minute_5": 0.0000000000000572763439929749,
  "Minute_5_Fluctuation": 0.0386696331105324,
  "Minute_10": 0.000000000000056504773608245,
  "Minute_10_Fluctuation": 0.034742601659462316,
  "Hour": 0.000000000000056504773608245,
  "Hour_Fluctuation": 0.034742601659462316,
  "Day": 0.000000000000056504773608245,
  "Day_Fluctuation": 0.034742601659462316,
  "Week": 0.000000000000056504773608245,
  "Week_Fluctuation": 0.034742601659462316,
  "Duration": "00:10:59.4295094",
  "Updated": "2018-04-28T14:36:59.5425857Z"
}
