{
  "Live": 0.00000000000017134,
  "Minute": 0.00000000000017134,
  "Minute_Fluctuation": 0.14862237715358295,
  "Minute_5": 0.000000000000148051305995415,
  "Minute_5_Fluctuation": 0.2606964035049934,
  "Minute_10": 0.000000000000128967793116959,
  "Minute_10_Fluctuation": 0.29984775117661311,
  "Hour": 0.000000000000117374771856151,
  "Hour_Fluctuation": 0.27374339142597492,
  "Day": 0.000000000000117374771856151,
  "Day_Fluctuation": 0.27374339142597487,
  "Week": 0.000000000000117374771856151,
  "Week_Fluctuation": 0.27374339142597487,
  "Duration": "00:21:27.3959577",
  "Updated": "2018-04-28T14:36:44.6717388Z"
}
