{
  "Live": 0.00000000000001668,
  "Minute": 0.00000000000001668,
  "Minute_Fluctuation": 0.00059916117435579333,
  "Minute_5": 0.0000000000000150711109423768,
  "Minute_5_Fluctuation": 0.20980175300195547,
  "Minute_10": 0.0000000000000134538352146351,
  "Minute_10_Fluctuation": 0.1661997419673816,
  "Hour": 0.0000000000000125153038343223,
  "Hour_Fluctuation": 0.11168901642749905,
  "Day": 0.0000000000000125153038343223,
  "Day_Fluctuation": 0.11168901642749905,
  "Week": 0.0000000000000125153038343223,
  "Week_Fluctuation": 0.11168901642749905,
  "Duration": "00:21:27.3959577",
  "Updated": "2018-04-28T14:37:24.7017334Z"
}
