{
  "Live": 0.00000000000306,
  "Minute": 0.00000000000306,
  "Minute_Fluctuation": 0.11304347826086961,
  "Minute_5": 0.00000000000333055371596917,
  "Minute_5_Fluctuation": 0.053585400903358824,
  "Minute_10": 0.00000000000334292530834897,
  "Minute_10_Fluctuation": 0.062491334164203771,
  "Hour": 0.0000000000033458976076302,
  "Hour_Fluctuation": 0.066252623344160336,
  "Day": 0.0000000000033458976076302,
  "Day_Fluctuation": 0.066252623344160322,
  "Week": 0.0000000000033458976076302,
  "Week_Fluctuation": 0.066252623344160322,
  "Duration": "00:21:27.3959577",
  "Updated": "2018-04-28T14:37:17.2891284Z"
}
