{
  "Live": 0.00000000000091,
  "Minute": 0.00000000000091,
  "Minute_Fluctuation": 0.60262008733624461,
  "Minute_5": 0.00000000000160729391432078,
  "Minute_5_Fluctuation": 0.63778681953014771,
  "Minute_10": 0.00000000000173334523770269,
  "Minute_10_Fluctuation": 0.61289323055930445,
  "Hour": 0.000000000001828131335265,
  "Hour_Fluctuation": 0.65285716178190167,
  "Day": 0.000000000001828131335265,
  "Day_Fluctuation": 0.65285716178190145,
  "Week": 0.000000000001828131335265,
  "Week_Fluctuation": 0.65285716178190145,
  "Duration": "00:21:27.3959577",
  "Updated": "2018-04-28T14:36:49.6665142Z"
}
