{
  "Live": 0.00000000000002467,
  "Minute": 0.00000000000002467,
  "Minute_Fluctuation": 0.0089979550102249981,
  "Minute_5": 0.0000000000000233245965940121,
  "Minute_5_Fluctuation": 0.16071449232153417,
  "Minute_10": 0.0000000000000245587444449058,
  "Minute_10_Fluctuation": 0.14575619207916815,
  "Hour": 0.0000000000000253503990437398,
  "Hour_Fluctuation": 0.1841631823359019,
  "Day": 0.0000000000000253503990437398,
  "Day_Fluctuation": 0.18416318233590187,
  "Week": 0.0000000000000253503990437398,
  "Week_Fluctuation": 0.18416318233590187,
  "Duration": "00:21:27.3959577",
  "Updated": "2018-04-28T14:36:42.14984Z"
}
