{
  "Live": 0.00000000000018,
  "Minute": 0.00000000000018,
  "Minute_Fluctuation": 0.28571428571428575,
  "Minute_5": 0.000000000000180805716978357,
  "Minute_5_Fluctuation": 0.21501781129494402,
  "Minute_10": 0.000000000000218446332603252,
  "Minute_10_Fluctuation": 0.23463530875608071,
  "Hour": 0.000000000000241795146518861,
  "Hour_Fluctuation": 0.20022627277267144,
  "Day": 0.000000000000241795146518861,
  "Day_Fluctuation": 0.20022627277267144,
  "Week": 0.000000000000241795146518861,
  "Week_Fluctuation": 0.20022627277267141,
  "Duration": "00:21:27.3959577",
  "Updated": "2018-04-28T14:37:28.9524084Z"
}
