{
  "Live": 0.00000000000001866,
  "Minute": 0.00000000000001866,
  "Minute_Fluctuation": 0.099855282199710613,
  "Minute_5": 0.0000000000000191209348717714,
  "Minute_5_Fluctuation": 0.18967619686236717,
  "Minute_10": 0.0000000000000198575008136246,
  "Minute_10_Fluctuation": 0.18392006730539229,
  "Hour": 0.0000000000000203675009230333,
  "Hour_Fluctuation": 0.19545832614127007,
  "Day": 0.0000000000000203675009230333,
  "Day_Fluctuation": 0.19545832614127004,
  "Week": 0.0000000000000203675009230333,
  "Week_Fluctuation": 0.19545832614127007,
  "Duration": "00:21:27.3959577",
  "Updated": "2018-04-28T14:37:18.9647032Z"
}
