{
  "Live": 0.00000000000107234,
  "Minute": 0.00000000000107234,
  "Minute_Fluctuation": 0.060216467288900587,
  "Minute_5": 0.00000000000111015846119678,
  "Minute_5_Fluctuation": 0.05628455837536752,
  "Minute_10": 0.00000000000112475464715372,
  "Minute_10_Fluctuation": 0.062007481700327369,
  "Hour": 0.00000000000113289875568919,
  "Hour_Fluctuation": 0.070737315945298654,
  "Day": 0.00000000000113289875568919,
  "Day_Fluctuation": 0.070737315945298654,
  "Week": 0.00000000000113289875568919,
  "Week_Fluctuation": 0.070737315945298654,
  "Duration": "00:21:27.3959577",
  "Updated": "2018-04-28T14:36:48.1338139Z"
}
