{
  "Live": 0.00000000001512,
  "Minute": 0.00000000001512,
  "Minute_Fluctuation": 0.06179775280898861,
  "Minute_5": 0.0000000000142955230668888,
  "Minute_5_Fluctuation": 0.06965003470714981,
  "Minute_10": 0.00000000001481473519134,
  "Minute_10_Fluctuation": 0.11228684020565026,
  "Hour": 0.0000000000151334483280769,
  "Hour_Fluctuation": 0.13468507679617606,
  "Day": 0.0000000000151334483280769,
  "Day_Fluctuation": 0.13468507679617606,
  "Week": 0.0000000000151334483280769,
  "Week_Fluctuation": 0.13468507679617606,
  "Duration": "00:21:27.3959577",
  "Updated": "2018-04-28T14:37:06.706532Z"
}
