{
  "Live": 0.00000000000511,
  "Minute": 0.00000000000511,
  "Minute_Fluctuation": 0.55792682926829251,
  "Minute_5": 0.00000000000398672755661696,
  "Minute_5_Fluctuation": 0.24379507659124094,
  "Minute_10": 0.00000000000375165986362328,
  "Minute_10_Fluctuation": 0.17497909639297632,
  "Hour": 0.00000000000361688784498199,
  "Hour_Fluctuation": 0.14497445115642568,
  "Day": 0.00000000000361688784498199,
  "Day_Fluctuation": 0.14497445115642568,
  "Week": 0.00000000000361688784498199,
  "Week_Fluctuation": 0.14497445115642568,
  "Duration": "00:21:27.3959577",
  "Updated": "2018-04-28T14:37:12.1999619Z"
}
