{
  "Live": 0.00000000000002976,
  "Minute": 0.00000000000002976,
  "Minute_Fluctuation": 0.00067159167226314243,
  "Minute_5": 0.0000000000000310929870974174,
  "Minute_5_Fluctuation": 0.133460029960835,
  "Minute_10": 0.0000000000000341204441091335,
  "Minute_10_Fluctuation": 0.1554711892580794,
  "Hour": 0.0000000000000349219438942574,
  "Hour_Fluctuation": 0.15141539284491173,
  "Day": 0.0000000000000349219438942574,
  "Day_Fluctuation": 0.15141539284491168,
  "Week": 0.0000000000000349219438942574,
  "Week_Fluctuation": 0.15141539284491168,
  "Duration": "00:16:32.1729603",
  "Updated": "2018-04-27T11:42:30.0343434Z"
}
