{
  "Live": 0.00000000000008991,
  "Minute": 0.00000000000008991,
  "Minute_Fluctuation": 0.30247718383311617,
  "Minute_5": 0.0000000000000855906892173276,
  "Minute_5_Fluctuation": 0.18337703865674826,
  "Minute_10": 0.000000000000089573590692852,
  "Minute_10_Fluctuation": 0.17561561688972038,
  "Hour": 0.0000000000000921456401486636,
  "Hour_Fluctuation": 0.18044378334591998,
  "Day": 0.0000000000000921456401486636,
  "Day_Fluctuation": 0.18044378334592046,
  "Week": 0.0000000000000921456401486636,
  "Week_Fluctuation": 0.18044378334592046,
  "Duration": "00:21:27.3959577",
  "Updated": "2018-04-28T14:36:42.7785749Z"
}
