{
  "Live": 0.00000000000110455,
  "Minute": 0.00000000000110455,
  "Minute_Fluctuation": 0.0807941446995048,
  "Minute_5": 0.00000000000108025867725081,
  "Minute_5_Fluctuation": 0.047021401933184666,
  "Minute_10": 0.00000000000106028173818398,
  "Minute_10_Fluctuation": 0.0723828848273598,
  "Hour": 0.00000000000105422932492044,
  "Hour_Fluctuation": 0.080273545947901,
  "Day": 0.00000000000105422932492044,
  "Day_Fluctuation": 0.080273545947901,
  "Week": 0.00000000000105422932492044,
  "Week_Fluctuation": 0.080273545947901,
  "Duration": "00:19:00.1582670",
  "Updated": "2018-04-28T14:36:37.6446119Z"
}
