{
  "Live": 0.00000000002151,
  "Minute": 0.00000000002151,
  "Minute_Fluctuation": 0.0,
  "Minute_5": 0.000000000021032336665647,
  "Minute_5_Fluctuation": 0.039097997460053005,
  "Minute_10": 0.0000000000204966514652205,
  "Minute_10_Fluctuation": 0.036502002521115288,
  "Hour": 0.0000000000195968090495111,
  "Hour_Fluctuation": 0.013809199940140772,
  "Day": 0.0000000000193136011600384,
  "Day_Fluctuation": 0.00070149066357318916,
  "Week": 0.0000000000193134844821412,
  "Week_Fluctuation": 0.0006954903111483085,
  "Duration": "1.00:20:21.0970095",
  "Updated": "2018-04-28T14:08:14.3473626Z"
}
