{
  "Live": 0.00000000000096909,
  "Minute": 0.00000000000096909,
  "Minute_Fluctuation": 0.10304326095407332,
  "Minute_5": 0.00000000000105228048264165,
  "Minute_5_Fluctuation": 0.039010677439753921,
  "Minute_10": 0.00000000000107833910716051,
  "Minute_10_Fluctuation": 0.03420998389564063,
  "Hour": 0.00000000000109312948565947,
  "Hour_Fluctuation": 0.027962212218081518,
  "Day": 0.00000000000109312948565947,
  "Day_Fluctuation": 0.027962212218081518,
  "Week": 0.00000000000109312948565947,
  "Week_Fluctuation": 0.027962212218081518,
  "Duration": "00:21:27.3959577",
  "Updated": "2018-04-28T14:36:47.2418167Z"
}
