{
  "Live": 0.00000000000064335,
  "Minute": 0.00000000000064335,
  "Minute_Fluctuation": 0.30089649551752246,
  "Minute_5": 0.000000000000818493381439458,
  "Minute_5_Fluctuation": 0.13794093166882726,
  "Minute_10": 0.000000000000817400864340702,
  "Minute_10_Fluctuation": 0.091332074172045974,
  "Hour": 0.000000000000812626374267732,
  "Hour_Fluctuation": 0.062122552991101407,
  "Day": 0.000000000000812626374267732,
  "Day_Fluctuation": 0.062122552991101407,
  "Week": 0.000000000000812626374267732,
  "Week_Fluctuation": 0.062122552991101407,
  "Duration": "00:21:27.3959577",
  "Updated": "2018-04-28T14:37:10.8853376Z"
}
