{
  "Live": 0.00000000000062166,
  "Minute": 0.00000000000062166,
  "Minute_Fluctuation": 0.009117281392457521,
  "Minute_5": 0.000000000000631423253550139,
  "Minute_5_Fluctuation": 0.081134907262461156,
  "Minute_10": 0.000000000000633293431496041,
  "Minute_10_Fluctuation": 0.19851539714975885,
  "Hour": 0.000000000000632453594713649,
  "Hour_Fluctuation": 0.26375735292852287,
  "Day": 0.000000000000632453594713649,
  "Day_Fluctuation": 0.26375735292852293,
  "Week": 0.000000000000632453594713649,
  "Week_Fluctuation": 0.26375735292852287,
  "Duration": "00:21:27.3959577",
  "Updated": "2018-04-28T14:37:34.8303973Z"
}
