{
  "Live": 0.00000000000029,
  "Minute": 0.00000000000029,
  "Minute_Fluctuation": 0.81250000000000022,
  "Minute_5": 0.000000000000186385445304868,
  "Minute_5_Fluctuation": 0.35215556957649607,
  "Minute_10": 0.000000000000164296752382451,
  "Minute_10_Fluctuation": 0.20375918569959961,
  "Hour": 0.000000000000153499479849963,
  "Hour_Fluctuation": 0.11992785509172411,
  "Day": 0.000000000000153499479849963,
  "Day_Fluctuation": 0.11992785509172413,
  "Week": 0.000000000000153499479849963,
  "Week_Fluctuation": 0.11992785509172411,
  "Duration": "00:21:27.3959577",
  "Updated": "2018-04-28T14:36:35.2917049Z"
}
