{
  "Live": 0.00000000000001473,
  "Minute": 0.00000000000001473,
  "Minute_Fluctuation": 0.0,
  "Minute_5": 0.0000000000000158419030943482,
  "Minute_5_Fluctuation": 0.11674293742378009,
  "Minute_10": 0.0000000000000171584855698647,
  "Minute_10_Fluctuation": 0.10493329298165731,
  "Hour": 0.0000000000000179477965812811,
  "Hour_Fluctuation": 0.083432213619397372,
  "Day": 0.0000000000000179477965812811,
  "Day_Fluctuation": 0.083432213619397372,
  "Week": 0.0000000000000179477965812811,
  "Week_Fluctuation": 0.083432213619397372,
  "Duration": "00:21:27.3959577",
  "Updated": "2018-04-28T14:08:16.6381937Z"
}
