{
  "Live": 0.00000000000002176,
  "Minute": 0.00000000000002176,
  "Minute_Fluctuation": 0.10636550308008207,
  "Minute_5": 0.0000000000000208171649334287,
  "Minute_5_Fluctuation": 0.2580106081432354,
  "Minute_10": 0.0000000000000187039741170799,
  "Minute_10_Fluctuation": 0.22790479724855944,
  "Hour": 0.0000000000000174674593584826,
  "Hour_Fluctuation": 0.18323039797011487,
  "Day": 0.0000000000000174674593584826,
  "Day_Fluctuation": 0.18323039797011489,
  "Week": 0.0000000000000174674593584826,
  "Week_Fluctuation": 0.18323039797011487,
  "Duration": "00:21:27.3959577",
  "Updated": "2018-04-28T14:37:10.5378952Z"
}
