{
  "Live": 0.00000000000002,
  "Minute": 0.00000000000002,
  "Minute_Fluctuation": 1.5777218104420236E-16,
  "Minute_5": 0.0000000000000260648854282795,
  "Minute_5_Fluctuation": 0.30256534808316204,
  "Minute_10": 0.000000000000033556171322326,
  "Minute_10_Fluctuation": 0.25734040249166468,
  "Hour": 0.0000000000000379135248282129,
  "Hour_Fluctuation": 0.19418796495352486,
  "Day": 0.0000000000000379135248282129,
  "Day_Fluctuation": 0.19418796495352486,
  "Week": 0.0000000000000379135248282129,
  "Week_Fluctuation": 0.19418796495352486,
  "Duration": "00:21:27.3959577",
  "Updated": "2018-04-28T14:08:18.8103741Z"
}
