{
  "Live": 0.00000000000011875,
  "Minute": 0.00000000000011875,
  "Minute_Fluctuation": 0.10076010381905817,
  "Minute_5": 0.000000000000113311271420087,
  "Minute_5_Fluctuation": 0.13975720188560417,
  "Minute_10": 0.000000000000114488431206176,
  "Minute_10_Fluctuation": 0.17023413469211487,
  "Hour": 0.000000000000115958059793132,
  "Hour_Fluctuation": 0.17812192659659581,
  "Day": 0.000000000000115958059793132,
  "Day_Fluctuation": 0.17812192659659579,
  "Week": 0.000000000000115958059793132,
  "Week_Fluctuation": 0.17812192659659581,
  "Duration": "00:21:27.3959577",
  "Updated": "2018-04-28T14:36:49.4311098Z"
}
