{
  "Live": 0.00000000000043,
  "Minute": 0.00000000000043,
  "Minute_Fluctuation": 0.37681159420289856,
  "Minute_5": 0.000000000000494662767644721,
  "Minute_5_Fluctuation": 0.52255718081919889,
  "Minute_10": 0.000000000000400339009775678,
  "Minute_10_Fluctuation": 0.46347459946599506,
  "Hour": 0.000000000000343517588883924,
  "Hour_Fluctuation": 0.38210159527536225,
  "Day": 0.000000000000343517588883924,
  "Day_Fluctuation": 0.3821015952753623,
  "Week": 0.000000000000343517588883924,
  "Week_Fluctuation": 0.38210159527536225,
  "Duration": "00:21:27.3959577",
  "Updated": "2018-04-28T14:36:31.7425466Z"
}
