{
  "Live": 0.00000000000131743,
  "Minute": 0.00000000000131743,
  "Minute_Fluctuation": 0.78190007303811537,
  "Minute_5": 0.000000000000961356465456669,
  "Minute_5_Fluctuation": 0.2575632275634363,
  "Minute_10": 0.000000000000965670177957087,
  "Minute_10_Fluctuation": 0.15146758826970003,
  "Hour": 0.000000000000974520990600764,
  "Hour_Fluctuation": 0.100117998864951,
  "Day": 0.000000000000974520990600764,
  "Day_Fluctuation": 0.100117998864951,
  "Week": 0.000000000000974520990600764,
  "Week_Fluctuation": 0.100117998864951,
  "Duration": "00:21:27.3959577",
  "Updated": "2018-04-28T14:36:43.800864Z"
}
