{
  "Live": 0.00000000000022722,
  "Minute": 0.00000000000022722,
  "Minute_Fluctuation": 0.91149995793724248,
  "Minute_5": 0.000000000000168563686335864,
  "Minute_5_Fluctuation": 0.3434391700502169,
  "Minute_10": 0.000000000000183198085839803,
  "Minute_10_Fluctuation": 0.24003877739454979,
  "Hour": 0.000000000000193472725169252,
  "Hour_Fluctuation": 0.19596345964353348,
  "Day": 0.000000000000193472725169252,
  "Day_Fluctuation": 0.19596345964353351,
  "Week": 0.000000000000193472725169252,
  "Week_Fluctuation": 0.19596345964353348,
  "Duration": "00:21:27.3959577",
  "Updated": "2018-04-28T14:37:33.6489326Z"
}
