{
  "Live": 0.0000000000002182,
  "Minute": 0.0000000000002182,
  "Minute_Fluctuation": 0.602991211950292,
  "Minute_5": 0.000000000000457189562793419,
  "Minute_5_Fluctuation": 0.26492014997697833,
  "Minute_10": 0.00000000000057743209984681,
  "Minute_10_Fluctuation": 0.30118085530616534,
  "Hour": 0.000000000000649426885081528,
  "Hour_Fluctuation": 0.28053719147137446,
  "Day": 0.000000000000649426885081528,
  "Day_Fluctuation": 0.28053719147137429,
  "Week": 0.000000000000649426885081528,
  "Week_Fluctuation": 0.28053719147137446,
  "Duration": "00:21:27.3959577",
  "Updated": "2018-04-28T14:37:02.4731535Z"
}
