{
  "Live": 0.00000000000038,
  "Minute": 0.00000000000038,
  "Minute_Fluctuation": 0.0555555555555556,
  "Minute_5": 0.000000000000367499197412234,
  "Minute_5_Fluctuation": 0.020831103922873004,
  "Minute_10": 0.000000000000367499197412234,
  "Minute_10_Fluctuation": 0.020831103922873004,
  "Hour": 0.000000000000367499197412234,
  "Hour_Fluctuation": 0.020831103922873004,
  "Day": 0.000000000000367499197412234,
  "Day_Fluctuation": 0.020831103922873007,
  "Week": 0.000000000000367499197412234,
  "Week_Fluctuation": 0.020831103922873007,
  "Duration": "00:04:55.2229974",
  "Updated": "2018-04-28T14:37:16.3873719Z"
}
