{
  "Live": 0.00000000000007,
  "Minute": 0.00000000000007,
  "Minute_Fluctuation": 1.8031106405051698E-16,
  "Minute_5": 0.0000000000000984488540272971,
  "Minute_5_Fluctuation": 0.34085495765063373,
  "Minute_10": 0.000000000000125037707523064,
  "Minute_10_Fluctuation": 0.24937418630388505,
  "Hour": 0.000000000000140476973907145,
  "Hour_Fluctuation": 0.17366259610338802,
  "Day": 0.000000000000140476973907145,
  "Day_Fluctuation": 0.17366259610338802,
  "Week": 0.000000000000140476973907145,
  "Week_Fluctuation": 0.17366259610338802,
  "Duration": "00:21:27.3959577",
  "Updated": "2018-04-28T14:08:19.8195661Z"
}
