{
  "Live": 0.00000000000706,
  "Minute": 0.00000000000706,
  "Minute_Fluctuation": 0.34990791896869244,
  "Minute_5": 0.0000000000118962447741632,
  "Minute_5_Fluctuation": 0.44743888728571385,
  "Minute_10": 0.0000000000127879758010425,
  "Minute_10_Fluctuation": 0.42687159478673586,
  "Hour": 0.0000000000131839676410858,
  "Hour_Fluctuation": 0.41455227203492573,
  "Day": 0.0000000000131839676410858,
  "Day_Fluctuation": 0.41455227203492567,
  "Week": 0.0000000000131839676410858,
  "Week_Fluctuation": 0.41455227203492567,
  "Duration": "00:21:27.3959577",
  "Updated": "2018-04-28T14:37:27.0191231Z"
}
