{
  "Live": 0.00000000000013493,
  "Minute": 0.00000000000013493,
  "Minute_Fluctuation": 0.0019970414201184021,
  "Minute_5": 0.000000000000140967558281903,
  "Minute_5_Fluctuation": 0.06482233457873178,
  "Minute_10": 0.00000000000014679131705624,
  "Minute_10_Fluctuation": 0.048564774436396577,
  "Hour": 0.000000000000150174503239581,
  "Hour_Fluctuation": 0.032253885152405022,
  "Day": 0.000000000000150174503239581,
  "Day_Fluctuation": 0.032253885152405029,
  "Week": 0.000000000000150174503239581,
  "Week_Fluctuation": 0.032253885152405022,
  "Duration": "00:21:27.3959577",
  "Updated": "2018-04-28T14:37:25.9398405Z"
}
