{
  "Live": 0.00000000000012172,
  "Minute": 0.00000000000012172,
  "Minute_Fluctuation": 1.2207626345557379,
  "Minute_5": 0.0000000000000772789429459156,
  "Minute_5_Fluctuation": 0.4552016100791354,
  "Minute_10": 0.0000000000000842991418392169,
  "Minute_10_Fluctuation": 0.36640252724877664,
  "Hour": 0.0000000000000898711941924912,
  "Hour_Fluctuation": 0.32684595531177685,
  "Day": 0.0000000000000898711941924912,
  "Day_Fluctuation": 0.32684595531177685,
  "Week": 0.0000000000000898711941924912,
  "Week_Fluctuation": 0.32684595531177679,
  "Duration": "00:21:27.3959577",
  "Updated": "2018-04-28T14:36:44.3623397Z"
}
