{
  "Live": 0.00000000009301,
  "Minute": 0.00000000009301,
  "Minute_Fluctuation": 0.02739423395559484,
  "Minute_5": 0.0000000000758789973631943,
  "Minute_5_Fluctuation": 0.540940652616919,
  "Minute_10": 0.0000000000585696152994329,
  "Minute_10_Fluctuation": 0.5468530838995006,
  "Hour": 0.0000000000484731182089401,
  "Hour_Fluctuation": 0.42907186927360463,
  "Day": 0.0000000000484731182089401,
  "Day_Fluctuation": 0.42907186927360474,
  "Week": 0.0000000000484731182089401,
  "Week_Fluctuation": 0.42907186927360463,
  "Duration": "00:21:27.3959577",
  "Updated": "2018-04-28T14:36:33.2559218Z"
}
