{
  "Live": 0.00000000000000002,
  "Minute": 0.00000000000000002,
  "Minute_Fluctuation": 0.0,
  "Minute_5": 0.00000000000000002,
  "Minute_5_Fluctuation": 0.0,
  "Minute_10": 0.00000000000000002,
  "Minute_10_Fluctuation": 0.0,
  "Hour": 0.00000000000000002,
  "Hour_Fluctuation": 0.0,
  "Day": 0.00000000000000002,
  "Day_Fluctuation": 0.0,
  "Week": 0.00000000000000002,
  "Week_Fluctuation": 0.0,
  "Duration": "00:21:27.3959577",
  "Updated": "2018-04-27T10:55:00.037879Z"
}
