{
  "Live": 0.000000000000044,
  "Minute": 0.000000000000044,
  "Minute_Fluctuation": 0.096323680427192512,
  "Minute_5": 0.0000000000000458773144754737,
  "Minute_5_Fluctuation": 0.17289497612929114,
  "Minute_10": 0.0000000000000458591134456689,
  "Minute_10_Fluctuation": 0.21167304813840787,
  "Hour": 0.000000000000046112310145413,
  "Hour_Fluctuation": 0.24561901084252907,
  "Day": 0.000000000000046112310145413,
  "Day_Fluctuation": 0.24561901084252985,
  "Week": 0.000000000000046112310145413,
  "Week_Fluctuation": 0.24561901084252985,
  "Duration": "00:21:27.3959577",
  "Updated": "2018-04-28T14:37:12.4470672Z"
}
