{
  "Live": 0.00000000000022,
  "Minute": 0.00000000000022,
  "Minute_Fluctuation": 0.12,
  "Minute_5": 0.000000000000247791380592246,
  "Minute_5_Fluctuation": 0.089388008815590836,
  "Minute_10": 0.000000000000247247219653898,
  "Minute_10_Fluctuation": 0.1195008338431516,
  "Hour": 0.000000000000246271904784821,
  "Hour_Fluctuation": 0.14165791456214286,
  "Day": 0.000000000000246271904784821,
  "Day_Fluctuation": 0.14165791456214286,
  "Week": 0.000000000000246271904784821,
  "Week_Fluctuation": 0.14165791456214286,
  "Duration": "00:21:27.3959577",
  "Updated": "2018-04-28T14:37:30.522611Z"
}
