{
  "Live": 0.0000000000001987,
  "Minute": 0.0000000000001987,
  "Minute_Fluctuation": 1.5053587189509514,
  "Minute_5": 0.000000000000113724116084799,
  "Minute_5_Fluctuation": 0.55633091705500415,
  "Minute_10": 0.000000000000111081452001659,
  "Minute_10_Fluctuation": 0.47003750099924169,
  "Hour": 0.000000000000112264753541604,
  "Hour_Fluctuation": 0.43953881797546007,
  "Day": 0.000000000000112264753541604,
  "Day_Fluctuation": 0.43953881797546013,
  "Week": 0.000000000000112264753541604,
  "Week_Fluctuation": 0.43953881797546007,
  "Duration": "00:21:27.3959577",
  "Updated": "2018-04-28T14:36:56.9352655Z"
}
