{
  "Live": 0.00000000002046,
  "Minute": 0.00000000002046,
  "Minute_Fluctuation": 0.29835390946502055,
  "Minute_5": 0.0000000000229055289999047,
  "Minute_5_Fluctuation": 0.405737615658917,
  "Minute_10": 0.0000000000206630002762338,
  "Minute_10_Fluctuation": 0.32050500248458985,
  "Hour": 0.00000000002020214586474,
  "Hour_Fluctuation": 0.089429445912539179,
  "Day": 0.0000000000204939352497483,
  "Day_Fluctuation": 0.0043329932043906253,
  "Week": 0.0000000000204940197998438,
  "Week_Fluctuation": 0.0043075640387187052,
  "Duration": "1.00:20:21.0970095",
  "Updated": "2018-04-28T14:36:26.264851Z"
}
