{
  "Live": 0.00000000000439,
  "Minute": 0.00000000000439,
  "Minute_Fluctuation": 0.59057971014492749,
  "Minute_5": 0.00000000000354612624831029,
  "Minute_5_Fluctuation": 0.34200414436864573,
  "Minute_10": 0.00000000000309796994397254,
  "Minute_10_Fluctuation": 0.45765744457386015,
  "Hour": 0.00000000000281745503608234,
  "Hour_Fluctuation": 0.49384131800380426,
  "Day": 0.00000000000281745503608234,
  "Day_Fluctuation": 0.49384131800380421,
  "Week": 0.00000000000281745503608234,
  "Week_Fluctuation": 0.49384131800380415,
  "Duration": "00:21:27.3959577",
  "Updated": "2018-04-28T14:37:11.9721437Z"
}
