{
  "Live": 0.00000000000475,
  "Minute": 0.00000000000475,
  "Minute_Fluctuation": 0.14734299516908214,
  "Minute_5": 0.00000000000445778954690828,
  "Minute_5_Fluctuation": 0.18262325856698722,
  "Minute_10": 0.00000000000431870402590458,
  "Minute_10_Fluctuation": 0.19445973963918534,
  "Hour": 0.00000000000431402114987687,
  "Hour_Fluctuation": 0.19529906498163166,
  "Day": 0.00000000000431402114987687,
  "Day_Fluctuation": 0.19529906498163166,
  "Week": 0.00000000000431402114987687,
  "Week_Fluctuation": 0.19529906498163088,
  "Duration": "00:12:05.7120260",
  "Updated": "2018-04-28T14:37:06.0470914Z"
}
