{
  "Live": 0.00000000000002693,
  "Minute": 0.00000000000002693,
  "Minute_Fluctuation": 0.26669802445907809,
  "Minute_5": 0.000000000000022076599409861,
  "Minute_5_Fluctuation": 0.21281640920846487,
  "Minute_10": 0.0000000000000219046029070641,
  "Minute_10_Fluctuation": 0.17019491083694288,
  "Hour": 0.0000000000000219292419365679,
  "Hour_Fluctuation": 0.1710102588870232,
  "Day": 0.0000000000000219292419365679,
  "Day_Fluctuation": 0.17101025888702318,
  "Week": 0.0000000000000219292419365679,
  "Week_Fluctuation": 0.17101025888702318,
  "Duration": "00:21:27.3959577",
  "Updated": "2018-04-28T14:37:17.8699344Z"
}
