{
  "Live": 0.00000000000606,
  "Minute": 0.00000000000606,
  "Minute_Fluctuation": 1.3329926847298947E-16,
  "Minute_5": 0.00000000000719771266205074,
  "Minute_5_Fluctuation": 0.20813579856560516,
  "Minute_10": 0.00000000000834470271823617,
  "Minute_10_Fluctuation": 0.14739660980079147,
  "Hour": 0.00000000000901089878618723,
  "Hour_Fluctuation": 0.093335126135892718,
  "Day": 0.00000000000901089878618723,
  "Day_Fluctuation": 0.093335126135892732,
  "Week": 0.00000000000901089878618723,
  "Week_Fluctuation": 0.093335126135892718,
  "Duration": "00:21:27.3959577",
  "Updated": "2018-04-28T14:08:19.4795284Z"
}
