{
  "Live": 0.00000000000143,
  "Minute": 0.00000000000143,
  "Minute_Fluctuation": 0.014184397163120506,
  "Minute_5": 0.00000000000142087246997487,
  "Minute_5_Fluctuation": 0.016091033289120739,
  "Minute_10": 0.00000000000141128343522975,
  "Minute_10_Fluctuation": 0.024911180804020466,
  "Hour": 0.00000000000141528938954774,
  "Hour_Fluctuation": 0.017536417772082296,
  "Day": 0.00000000000142912634965722,
  "Day_Fluctuation": 0.0010462695526921016,
  "Week": 0.00000000000142913109699631,
  "Week_Fluctuation": 0.0010396350996285837,
  "Duration": "1.00:31:58.0469724",
  "Updated": "2018-04-27T11:42:31.0500251Z"
}
