{
  "Live": 0.00000000000000774,
  "Minute": 0.00000000000000774,
  "Minute_Fluctuation": 0.53062462098241359,
  "Minute_5": 0.0000000000000135698643146468,
  "Minute_5_Fluctuation": 0.31173790202565638,
  "Minute_10": 0.0000000000000161703699667693,
  "Minute_10_Fluctuation": 0.33429543193487721,
  "Hour": 0.0000000000000178970840820594,
  "Hour_Fluctuation": 0.35181537105625682,
  "Day": 0.0000000000000178970840820594,
  "Day_Fluctuation": 0.35181537105625676,
  "Week": 0.0000000000000178970840820594,
  "Week_Fluctuation": 0.35181537105625676,
  "Duration": "00:21:27.3959577",
  "Updated": "2018-04-28T14:36:48.9226078Z"
}
