{
  "Live": 0.00000000000006564,
  "Minute": 0.00000000000006564,
  "Minute_Fluctuation": 0.37970137970137968,
  "Minute_5": 0.000000000000100261410767014,
  "Minute_5_Fluctuation": 0.23354851512000097,
  "Minute_10": 0.000000000000111451806620551,
  "Minute_10_Fluctuation": 0.22744652205193444,
  "Hour": 0.00000000000011837793362428,
  "Hour_Fluctuation": 0.22029745170818429,
  "Day": 0.00000000000011837793362428,
  "Day_Fluctuation": 0.22029745170818432,
  "Week": 0.00000000000011837793362428,
  "Week_Fluctuation": 0.22029745170818429,
  "Duration": "00:21:27.3959577",
  "Updated": "2018-04-28T14:37:29.709645Z"
}
