{
  "Live": 0.00000000000016,
  "Minute": 0.00000000000016,
  "Minute_Fluctuation": 0.619047619047619,
  "Minute_5": 0.000000000000473347079679993,
  "Minute_5_Fluctuation": 0.61561064134939447,
  "Minute_10": 0.000000000000640658602723562,
  "Minute_10_Fluctuation": 0.64208210822344758,
  "Hour": 0.000000000000742045090216382,
  "Hour_Fluctuation": 0.6606193092460928,
  "Day": 0.000000000000742045090216382,
  "Day_Fluctuation": 0.66061930924609269,
  "Week": 0.000000000000742045090216382,
  "Week_Fluctuation": 0.66061930924609269,
  "Duration": "00:21:27.3959577",
  "Updated": "2018-04-28T14:36:41.6150644Z"
}
