{
  "Live": 0.00000000000074029,
  "Minute": 0.00000000000074029,
  "Minute_Fluctuation": 0.16334395696299811,
  "Minute_5": 0.00000000000073073117585603,
  "Minute_5_Fluctuation": 0.23362238589158757,
  "Minute_10": 0.000000000000647198372689256,
  "Minute_10_Fluctuation": 0.19745784609365627,
  "Hour": 0.000000000000626256847555725,
  "Hour_Fluctuation": 0.1770029572846582,
  "Day": 0.000000000000626256847555725,
  "Day_Fluctuation": 0.1770029572846582,
  "Week": 0.000000000000626256847555725,
  "Week_Fluctuation": 0.1770029572846582,
  "Duration": "00:16:16.4307218",
  "Updated": "2018-04-28T14:36:35.8073021Z"
}
