{
  "Live": 0.00000000004386,
  "Minute": 0.00000000004386,
  "Minute_Fluctuation": 0.24065096952908582,
  "Minute_5": 0.0000000000512182608184129,
  "Minute_5_Fluctuation": 0.17168080637062738,
  "Minute_10": 0.0000000000485818143102506,
  "Minute_10_Fluctuation": 0.17000070266154937,
  "Hour": 0.0000000000467126531803972,
  "Hour_Fluctuation": 0.15993110632870164,
  "Day": 0.0000000000467126531803972,
  "Day_Fluctuation": 0.15993110632870164,
  "Week": 0.0000000000467126531803972,
  "Week_Fluctuation": 0.15993110632870164,
  "Duration": "00:21:27.3959577",
  "Updated": "2018-04-28T14:36:50.9917516Z"
}
