{
  "Live": 0.00000000000006,
  "Minute": 0.00000000000006,
  "Minute_Fluctuation": 0.57142857142857151,
  "Minute_5": 0.0000000000000878039481389815,
  "Minute_5_Fluctuation": 1.0988215179478786,
  "Minute_10": 0.0000000000000688317318789742,
  "Minute_10_Fluctuation": 1.0202953328125677,
  "Hour": 0.0000000000000574027153654129,
  "Hour_Fluctuation": 0.91278679483276437,
  "Day": 0.0000000000000574027153654129,
  "Day_Fluctuation": 0.91278679483276437,
  "Week": 0.0000000000000574027153654129,
  "Week_Fluctuation": 0.91278679483276437,
  "Duration": "00:21:27.3959577",
  "Updated": "2018-04-28T14:36:37.072073Z"
}
