{
  "Live": 0.00000000002135,
  "Minute": 0.00000000002135,
  "Minute_Fluctuation": 0.43771398472478262,
  "Minute_5": 0.0000000000310122234635256,
  "Minute_5_Fluctuation": 0.22855920175448896,
  "Minute_10": 0.0000000000297685666149091,
  "Minute_10_Fluctuation": 0.20647654518112069,
  "Hour": 0.0000000000288528224529606,
  "Hour_Fluctuation": 0.17571556571103628,
  "Day": 0.0000000000288528224529606,
  "Day_Fluctuation": 0.17571556571103625,
  "Week": 0.0000000000288528224529606,
  "Week_Fluctuation": 0.17571556571103625,
  "Duration": "00:21:27.3959577",
  "Updated": "2018-04-28T14:37:15.1651812Z"
}
