{
  "Live": 0.00000000003778,
  "Minute": 0.00000000003778,
  "Minute_Fluctuation": 0.12404358914908416,
  "Minute_5": 0.0000000000376020694675025,
  "Minute_5_Fluctuation": 0.22887143300122134,
  "Minute_10": 0.0000000000347542066929935,
  "Minute_10_Fluctuation": 0.21513393532989597,
  "Hour": 0.0000000000322129050532269,
  "Hour_Fluctuation": 0.059037903087522374,
  "Day": 0.0000000000321080976292249,
  "Day_Fluctuation": 0.0026844258373866087,
  "Week": 0.0000000000321078578513199,
  "Week_Fluctuation": 0.0026650460498982729,
  "Duration": "1.00:20:21.0970095",
  "Updated": "2018-04-28T14:36:30.378202Z"
}
