{
  "Live": 0.00000000001496,
  "Minute": 0.00000000001496,
  "Minute_Fluctuation": 0.056497175141242931,
  "Minute_5": 0.0000000000151885687904496,
  "Minute_5_Fluctuation": 0.070323828363095142,
  "Minute_10": 0.0000000000158172889614169,
  "Minute_10_Fluctuation": 0.058316787809696818,
  "Hour": 0.0000000000161843098200815,
  "Hour_Fluctuation": 0.045162733879218514,
  "Day": 0.0000000000161843098200815,
  "Day_Fluctuation": 0.045162733879218514,
  "Week": 0.0000000000161843098200815,
  "Week_Fluctuation": 0.045162733879218514,
  "Duration": "00:21:27.3959577",
  "Updated": "2018-04-28T14:37:33.924521Z"
}
