{
  "Live": 0.00000000000009806,
  "Minute": 0.00000000000009806,
  "Minute_Fluctuation": 0.3231682633922548,
  "Minute_5": 0.0000000000000847037011500092,
  "Minute_5_Fluctuation": 0.14609384154729954,
  "Minute_10": 0.0000000000000825265280682699,
  "Minute_10_Fluctuation": 0.12855871857681606,
  "Hour": 0.0000000000000814768386473917,
  "Hour_Fluctuation": 0.12030938933718094,
  "Day": 0.0000000000000814768386473917,
  "Day_Fluctuation": 0.12030938933718094,
  "Week": 0.0000000000000814768386473917,
  "Week_Fluctuation": 0.12030938933718094,
  "Duration": "00:21:27.3959577",
  "Updated": "2018-04-28T14:36:58.012041Z"
}
