{
  "Live": 0.00000000003024,
  "Minute": 0.00000000003024,
  "Minute_Fluctuation": 0.16711694326514845,
  "Minute_5": 0.0000000000308521147242132,
  "Minute_5_Fluctuation": 0.369014025516141,
  "Minute_10": 0.000000000040329817517861,
  "Minute_10_Fluctuation": 0.54491448882684168,
  "Hour": 0.0000000000496043064632983,
  "Hour_Fluctuation": 0.2049954302236501,
  "Day": 0.0000000000500713924119704,
  "Day_Fluctuation": 0.010017325608285631,
  "Week": 0.0000000000500722619879276,
  "Week_Fluctuation": 0.0099579588211691755,
  "Duration": "1.00:20:21.0970095",
  "Updated": "2018-04-28T14:35:46.5687245Z"
}
