{
  "Live": 0.00000000001548,
  "Minute": 0.00000000001548,
  "Minute_Fluctuation": 0.056655290102389212,
  "Minute_5": 0.0000000000156462296008224,
  "Minute_5_Fluctuation": 0.073826679125212846,
  "Minute_10": 0.0000000000160766541846787,
  "Minute_10_Fluctuation": 0.0757418789715042,
  "Hour": 0.0000000000150769254522296,
  "Hour_Fluctuation": 0.0409367738955224,
  "Day": 0.0000000000144146795406029,
  "Day_Fluctuation": 0.0023903161637354505,
  "Week": 0.0000000000144144935546748,
  "Week_Fluctuation": 0.0023776496624897349,
  "Duration": "1.00:20:21.0970095",
  "Updated": "2018-04-28T14:36:28.9173268Z"
}
