{
  "Live": 0.00000000000017,
  "Minute": 0.00000000000017,
  "Minute_Fluctuation": 0.055555555555555462,
  "Minute_5": 0.00000000000017125785506946,
  "Minute_5_Fluctuation": 0.094152699032996487,
  "Minute_10": 0.000000000000172983470898431,
  "Minute_10_Fluctuation": 0.13081165802814959,
  "Hour": 0.000000000000173534795986218,
  "Hour_Fluctuation": 0.15321551951157614,
  "Day": 0.000000000000173534795986218,
  "Day_Fluctuation": 0.15321551951157611,
  "Week": 0.000000000000173534795986218,
  "Week_Fluctuation": 0.15321551951157608,
  "Duration": "00:21:27.3959577",
  "Updated": "2018-04-28T14:36:41.0688018Z"
}
