{
  "Live": 0.00000000000089973,
  "Minute": 0.00000000000089973,
  "Minute_Fluctuation": 0.0051746442432082087,
  "Minute_5": 0.000000000000889895378907233,
  "Minute_5_Fluctuation": 0.029893137971915517,
  "Minute_10": 0.000000000000878087701959851,
  "Minute_10_Fluctuation": 0.026579781674878504,
  "Hour": 0.000000000000871493400814308,
  "Hour_Fluctuation": 0.022653428180943139,
  "Day": 0.000000000000871493400814307,
  "Day_Fluctuation": 0.022653428180943371,
  "Week": 0.000000000000871493400814307,
  "Week_Fluctuation": 0.022653428180943371,
  "Duration": "00:21:27.3959577",
  "Updated": "2018-04-28T14:37:08.711462Z"
}
