{
  "Live": 0.00000000000011002,
  "Minute": 0.00000000000011002,
  "Minute_Fluctuation": 0.012299129185743767,
  "Minute_5": 0.000000000000101796397006081,
  "Minute_5_Fluctuation": 0.18358962293927972,
  "Minute_10": 0.0000000000000917895252975426,
  "Minute_10_Fluctuation": 0.18144004465999947,
  "Hour": 0.0000000000000860175279421681,
  "Hour_Fluctuation": 0.15239543759655663,
  "Day": 0.0000000000000860175279421681,
  "Day_Fluctuation": 0.15239543759655666,
  "Week": 0.0000000000000860175279421681,
  "Week_Fluctuation": 0.15239543759655663,
  "Duration": "00:21:27.3959577",
  "Updated": "2018-04-28T14:37:16.0636779Z"
}
