{
  "Live": 0.00000000000006,
  "Minute": 0.00000000000006,
  "Minute_Fluctuation": 0.5,
  "Minute_5": 0.0000000000001046503040015,
  "Minute_5_Fluctuation": 0.18619666833594967,
  "Minute_10": 0.000000000000121982826316446,
  "Minute_10_Fluctuation": 0.19857167718554508,
  "Hour": 0.000000000000131583391382242,
  "Hour_Fluctuation": 0.1759569498530465,
  "Day": 0.000000000000131583391382242,
  "Day_Fluctuation": 0.17595694985304652,
  "Week": 0.000000000000131583391382242,
  "Week_Fluctuation": 0.1759569498530465,
  "Duration": "00:21:27.3959577",
  "Updated": "2018-04-28T14:36:32.9392773Z"
}
