{
  "Live": 0.00000000004891,
  "Minute": 0.00000000004891,
  "Minute_Fluctuation": 0.079081152325362378,
  "Minute_5": 0.0000000000543014372423345,
  "Minute_5_Fluctuation": 0.22804785695230298,
  "Minute_10": 0.000000000052340846041421,
  "Minute_10_Fluctuation": 0.20981591041791894,
  "Hour": 0.0000000000508670100687383,
  "Hour_Fluctuation": 0.22506126696725351,
  "Day": 0.0000000000508670100687383,
  "Day_Fluctuation": 0.22506126696725348,
  "Week": 0.0000000000508670100687383,
  "Week_Fluctuation": 0.22506126696725348,
  "Duration": "00:21:27.3959577",
  "Updated": "2018-04-28T14:36:38.4845022Z"
}
