{
  "Live": 0.00000000000016,
  "Minute": 0.00000000000016,
  "Minute_Fluctuation": 0.066666666666666888,
  "Minute_5": 0.000000000000211633311028096,
  "Minute_5_Fluctuation": 0.37863342025668179,
  "Minute_10": 0.000000000000228533707099924,
  "Minute_10_Fluctuation": 0.42390137021975172,
  "Hour": 0.000000000000235475461978753,
  "Hour_Fluctuation": 0.44105483124101,
  "Day": 0.000000000000235475461978753,
  "Day_Fluctuation": 0.44105483124101008,
  "Week": 0.000000000000235475461978753,
  "Week_Fluctuation": 0.44105483124101,
  "Duration": "00:21:27.3959577",
  "Updated": "2018-04-28T14:36:47.8189745Z"
}
