{
  "Live": 0.00000000000020944,
  "Minute": 0.00000000000020944,
  "Minute_Fluctuation": 0.078047277369371032,
  "Minute_5": 0.000000000000180752428058286,
  "Minute_5_Fluctuation": 0.48052695511751464,
  "Minute_10": 0.000000000000156058804051756,
  "Minute_10_Fluctuation": 0.33159386021837589,
  "Hour": 0.000000000000142943937715414,
  "Hour_Fluctuation": 0.24268699981897424,
  "Day": 0.000000000000142943937715414,
  "Day_Fluctuation": 0.24268699981897429,
  "Week": 0.000000000000142943937715414,
  "Week_Fluctuation": 0.24268699981897424,
  "Duration": "00:21:27.3959577",
  "Updated": "2018-04-28T14:37:21.1609755Z"
}
