{
  "Live": 0.00000000000008181,
  "Minute": 0.00000000000008181,
  "Minute_Fluctuation": 0.22893496701225263,
  "Minute_5": 0.0000000000000924276156831842,
  "Minute_5_Fluctuation": 0.46917504587251019,
  "Minute_10": 0.0000000000000770767845169938,
  "Minute_10_Fluctuation": 0.60642194813696149,
  "Hour": 0.0000000000000674157724959442,
  "Hour_Fluctuation": 0.59894892850989634,
  "Day": 0.0000000000000674157724959442,
  "Day_Fluctuation": 0.59894892850989612,
  "Week": 0.0000000000000674157724959442,
  "Week_Fluctuation": 0.59894892850989612,
  "Duration": "00:21:27.3959577",
  "Updated": "2018-04-28T14:36:46.3868309Z"
}
