{
  "Live": 0.00000000000000951,
  "Minute": 0.00000000000000951,
  "Minute_Fluctuation": 0.10196987253765916,
  "Minute_5": 0.0000000000000113803336031504,
  "Minute_5_Fluctuation": 0.268127546349864,
  "Minute_10": 0.0000000000000133187471278886,
  "Minute_10_Fluctuation": 0.22579672503572853,
  "Hour": 0.0000000000000144356816795825,
  "Hour_Fluctuation": 0.18190000429587752,
  "Day": 0.0000000000000144356816795825,
  "Day_Fluctuation": 0.18190000429587752,
  "Week": 0.0000000000000144356816795825,
  "Week_Fluctuation": 0.18190000429587752,
  "Duration": "00:21:27.3959577",
  "Updated": "2018-04-28T14:37:14.8857381Z"
}
