{
  "Live": 0.00000000000007852,
  "Minute": 0.00000000000007852,
  "Minute_Fluctuation": 0.63175394846217792,
  "Minute_5": 0.0000000000000596818401548235,
  "Minute_5_Fluctuation": 0.24328973522068892,
  "Minute_10": 0.0000000000000627984257850546,
  "Minute_10_Fluctuation": 0.23837255092203635,
  "Hour": 0.0000000000000649145821141898,
  "Hour_Fluctuation": 0.2318074410475883,
  "Day": 0.0000000000000649145821141898,
  "Day_Fluctuation": 0.2318074410475883,
  "Week": 0.0000000000000649145821141898,
  "Week_Fluctuation": 0.2318074410475883,
  "Duration": "00:21:27.3959577",
  "Updated": "2018-04-28T14:37:21.3696146Z"
}
