{
  "Live": 0.00000000000089902,
  "Minute": 0.00000000000089902,
  "Minute_Fluctuation": 0.072854636800840158,
  "Minute_5": 0.000000000000903391698786533,
  "Minute_5_Fluctuation": 0.054609789002887328,
  "Minute_10": 0.000000000000932708494437553,
  "Minute_10_Fluctuation": 0.042343336938466314,
  "Hour": 0.000000000000948427802033837,
  "Hour_Fluctuation": 0.031988790091724811,
  "Day": 0.000000000000948427802033837,
  "Day_Fluctuation": 0.031988790091724811,
  "Week": 0.000000000000948427802033837,
  "Week_Fluctuation": 0.031988790091724811,
  "Duration": "00:21:27.3959577",
  "Updated": "2018-04-28T14:37:18.4027951Z"
}
