{
  "Live": 0.00000000006749,
  "Minute": 0.00000000006749,
  "Minute_Fluctuation": 0.023440891332658129,
  "Minute_5": 0.000000000069631145414934,
  "Minute_5_Fluctuation": 0.069159860144482457,
  "Minute_10": 0.0000000000691157419399409,
  "Minute_10_Fluctuation": 0.072690579173672429,
  "Hour": 0.000000000068790127241122,
  "Hour_Fluctuation": 0.077511130860217811,
  "Day": 0.0000000000687901272411219,
  "Day_Fluctuation": 0.077511130860218463,
  "Week": 0.0000000000687901272411219,
  "Week_Fluctuation": 0.07751113086021845,
  "Duration": "00:21:27.3959577",
  "Updated": "2018-04-28T14:37:03.9461177Z"
}
