{
  "Live": 0.00000000000000014,
  "Minute": 0.00000000000000014,
  "Minute_Fluctuation": 0.12500000000000017,
  "Minute_5": 0.0000000000000001554808356451,
  "Minute_5_Fluctuation": 0.10388434375135897,
  "Minute_10": 0.0000000000000001697865999445,
  "Minute_10_Fluctuation": 0.13810925945586397,
  "Hour": 0.0000000000000001788076172115,
  "Hour_Fluctuation": 0.12896206816430958,
  "Day": 0.0000000000000001788076172115,
  "Day_Fluctuation": 0.12896206816430955,
  "Week": 0.0000000000000001788076172115,
  "Week_Fluctuation": 0.12896206816430955,
  "Duration": "00:21:27.3959577",
  "Updated": "2018-04-28T14:37:16.6920703Z"
}
