{
  "Live": 0.00000000000002689,
  "Minute": 0.00000000000002689,
  "Minute_Fluctuation": 1.1460494812450122,
  "Minute_5": 0.0000000000000179810459702305,
  "Minute_5_Fluctuation": 0.3743968511244043,
  "Minute_10": 0.0000000000000187440381295211,
  "Minute_10_Fluctuation": 0.29902142753100214,
  "Hour": 0.0000000000000193083492681793,
  "Hour_Fluctuation": 0.26809698206715554,
  "Day": 0.0000000000000193083492681793,
  "Day_Fluctuation": 0.26809698206715554,
  "Week": 0.0000000000000193083492681793,
  "Week_Fluctuation": 0.26809698206715543,
  "Duration": "00:21:27.3959577",
  "Updated": "2018-04-28T14:37:33.3187305Z"
}
