{
  "Live": 0.00000000002922,
  "Minute": 0.00000000002922,
  "Minute_Fluctuation": 0.17114228456913824,
  "Minute_5": 0.0000000000516559047507105,
  "Minute_5_Fluctuation": 0.78117760285724791,
  "Minute_10": 0.0000000000625358049206946,
  "Minute_10_Fluctuation": 0.80920222156967714,
  "Hour": 0.0000000000673258281701757,
  "Hour_Fluctuation": 0.83090205780657389,
  "Day": 0.0000000000673258281701757,
  "Day_Fluctuation": 0.830902057806574,
  "Week": 0.0000000000673258281701757,
  "Week_Fluctuation": 0.83090205780657389,
  "Duration": "00:21:27.3959577",
  "Updated": "2018-04-28T14:36:53.1355046Z"
}
