{
  "Live": 0.00000000000007294,
  "Minute": 0.00000000000007294,
  "Minute_Fluctuation": 0.17739934588925227,
  "Minute_5": 0.0000000000000866054674522784,
  "Minute_5_Fluctuation": 0.15319826832619088,
  "Minute_10": 0.0000000000000839064091256934,
  "Minute_10_Fluctuation": 0.13198494084305212,
  "Hour": 0.000000000000081527030975331,
  "Hour_Fluctuation": 0.1191885256611096,
  "Day": 0.000000000000081527030975331,
  "Day_Fluctuation": 0.1191885256611096,
  "Week": 0.000000000000081527030975331,
  "Week_Fluctuation": 0.1191885256611096,
  "Duration": "00:21:27.3959577",
  "Updated": "2018-04-28T14:37:16.9722529Z"
}
