{
  "Live": 0.00000000001164,
  "Minute": 0.00000000001164,
  "Minute_Fluctuation": 0.13671874999999997,
  "Minute_5": 0.00000000000948043900304157,
  "Minute_5_Fluctuation": 0.35375350632599084,
  "Minute_10": 0.00000000000877448111088256,
  "Minute_10_Fluctuation": 0.30589396376560624,
  "Hour": 0.00000000000838697427173601,
  "Hour_Fluctuation": 0.28615521998368054,
  "Day": 0.00000000000838697427173601,
  "Day_Fluctuation": 0.28615521998368054,
  "Week": 0.00000000000838697427173601,
  "Week_Fluctuation": 0.28615521998368054,
  "Duration": "00:21:27.3959577",
  "Updated": "2018-04-28T14:37:22.5634287Z"
}
