{
  "Live": 0.00000000002003,
  "Minute": 0.00000000002003,
  "Minute_Fluctuation": 0.20007987220447299,
  "Minute_5": 0.0000000000226698156506482,
  "Minute_5_Fluctuation": 0.109085609837336,
  "Minute_10": 0.000000000023072554053342,
  "Minute_10_Fluctuation": 0.069901350496173881,
  "Hour": 0.0000000000233469973783679,
  "Hour_Fluctuation": 0.05233843221131141,
  "Day": 0.0000000000233469973783679,
  "Day_Fluctuation": 0.052338432211311417,
  "Week": 0.0000000000233469973783679,
  "Week_Fluctuation": 0.05233843221131141,
  "Duration": "00:21:27.3959577",
  "Updated": "2018-04-28T14:36:53.729258Z"
}
