{
  "Live": 0.00000000003651,
  "Minute": 0.00000000003651,
  "Minute_Fluctuation": 0.12404030710172745,
  "Minute_5": 0.0000000000345503895912828,
  "Minute_5_Fluctuation": 0.27910212250389732,
  "Minute_10": 0.0000000000309699778834158,
  "Minute_10_Fluctuation": 0.22682448164143576,
  "Hour": 0.0000000000291165319472415,
  "Hour_Fluctuation": 0.1756158189804651,
  "Day": 0.0000000000291165319472415,
  "Day_Fluctuation": 0.17561581898046513,
  "Week": 0.0000000000291165319472415,
  "Week_Fluctuation": 0.1756158189804651,
  "Duration": "00:21:27.3959577",
  "Updated": "2018-04-28T14:37:39.1153233Z"
}
