{
  "Live": 0.00000000000085702,
  "Minute": 0.00000000000085702,
  "Minute_Fluctuation": 0.203749814181656,
  "Minute_5": 0.000000000000994091300374852,
  "Minute_5_Fluctuation": 0.86453546529641345,
  "Minute_10": 0.000000000000994091300374852,
  "Minute_10_Fluctuation": 0.86453546529641345,
  "Hour": 0.000000000000994091300374852,
  "Hour_Fluctuation": 0.86453546529641345,
  "Day": 0.000000000000994091300374851,
  "Day_Fluctuation": 0.86453546529641334,
  "Week": 0.000000000000994091300374851,
  "Week_Fluctuation": 0.86453546529641334,
  "Duration": "00:04:55.2229974",
  "Updated": "2018-04-28T14:37:08.1814878Z"
}
