{
  "Live": 0.00000000007558,
  "Minute": 0.00000000007558,
  "Minute_Fluctuation": 0.00013232764324461177,
  "Minute_5": 0.0000000000755737495987061,
  "Minute_5_Fluctuation": 0.00013231669986180479,
  "Minute_10": 0.0000000000755737495987061,
  "Minute_10_Fluctuation": 0.00013231669986180479,
  "Hour": 0.0000000000755737495987061,
  "Hour_Fluctuation": 0.00013231669986180479,
  "Day": 0.0000000000755737495987061,
  "Day_Fluctuation": 0.00013231669986180479,
  "Week": 0.0000000000755737495987061,
  "Week_Fluctuation": 0.00013231669986180479,
  "Duration": "00:04:55.2229974",
  "Updated": "2018-04-28T14:37:38.8207438Z"
}
