{
  "Live": 0.00000000001471,
  "Minute": 0.00000000001471,
  "Minute_Fluctuation": 0.0,
  "Minute_5": 0.0000000000161797861547813,
  "Minute_5_Fluctuation": 0.12972505619911723,
  "Minute_10": 0.0000000000176615575725436,
  "Minute_10_Fluctuation": 0.094054140559772181,
  "Hour": 0.0000000000185222017313941,
  "Hour_Fluctuation": 0.060170019979888856,
  "Day": 0.0000000000185222017313941,
  "Day_Fluctuation": 0.06017001997988887,
  "Week": 0.0000000000185222017313941,
  "Week_Fluctuation": 0.060170019979888856,
  "Duration": "00:21:27.3959577",
  "Updated": "2018-04-28T14:08:18.417023Z"
}
