{
  "Live": 0.00000000000001582,
  "Minute": 0.00000000000001582,
  "Minute_Fluctuation": 0.61676356589147285,
  "Minute_5": 0.0000000000000313628587391503,
  "Minute_5_Fluctuation": 0.68628446676657906,
  "Minute_10": 0.0000000000000263150104826546,
  "Minute_10_Fluctuation": 0.86022522149378522,
  "Hour": 0.000000000000022828442918296,
  "Hour_Fluctuation": 0.84967977920006843,
  "Day": 0.000000000000022828442918296,
  "Day_Fluctuation": 0.84967977920006843,
  "Week": 0.000000000000022828442918296,
  "Week_Fluctuation": 0.84967977920006843,
  "Duration": "00:21:27.3959577",
  "Updated": "2018-04-28T14:37:00.5854282Z"
}
