{
  "Live": 0.00000000000008047,
  "Minute": 0.00000000000008047,
  "Minute_Fluctuation": 0.20672318611987381,
  "Minute_5": 0.00000000000010389562709354,
  "Minute_5_Fluctuation": 0.18669817912483169,
  "Minute_10": 0.000000000000111596303890256,
  "Minute_10_Fluctuation": 0.17850852413174825,
  "Hour": 0.000000000000115989970738484,
  "Hour_Fluctuation": 0.16861084037595875,
  "Day": 0.000000000000115989970738484,
  "Day_Fluctuation": 0.16861084037595875,
  "Week": 0.000000000000115989970738484,
  "Week_Fluctuation": 0.16861084037595875,
  "Duration": "00:21:27.3959577",
  "Updated": "2018-04-28T14:37:30.1699161Z"
}
