{
  "Live": 0.00000000000001771,
  "Minute": 0.00000000000001771,
  "Minute_Fluctuation": 0.34268385140257779,
  "Minute_5": 0.0000000000000147335058218539,
  "Minute_5_Fluctuation": 0.14387515605718465,
  "Minute_10": 0.0000000000000144938456212239,
  "Minute_10_Fluctuation": 0.11561000357340065,
  "Hour": 0.0000000000000144392289746208,
  "Hour_Fluctuation": 0.10835385060805702,
  "Day": 0.0000000000000144392289746208,
  "Day_Fluctuation": 0.10835385060805704,
  "Week": 0.0000000000000144392289746208,
  "Week_Fluctuation": 0.10835385060805702,
  "Duration": "00:21:27.3959577",
  "Updated": "2018-04-28T14:37:27.6212756Z"
}
