{
  "Live": 0.00000000000001868,
  "Minute": 0.00000000000001868,
  "Minute_Fluctuation": 0.15809051456912582,
  "Minute_5": 0.000000000000017034183835857,
  "Minute_5_Fluctuation": 0.073692342368422939,
  "Minute_10": 0.0000000000000163705587189733,
  "Minute_10_Fluctuation": 0.0886069851338518,
  "Hour": 0.000000000000015997433730885,
  "Hour_Fluctuation": 0.097838339929064738,
  "Day": 0.0000000000000159974337308849,
  "Day_Fluctuation": 0.097838339929069318,
  "Week": 0.0000000000000159974337308849,
  "Week_Fluctuation": 0.09783833992906929,
  "Duration": "00:21:27.3959577",
  "Updated": "2018-04-28T14:37:04.5209139Z"
}
