{
  "Live": 0.00000000000007,
  "Minute": 0.00000000000007,
  "Minute_Fluctuation": 1.8031106405051698E-16,
  "Minute_5": 0.000000000000071859317612636,
  "Minute_5_Fluctuation": 0.15777209821984978,
  "Minute_10": 0.0000000000000900094616422792,
  "Minute_10_Fluctuation": 0.33870496262802757,
  "Hour": 0.000000000000101084845643468,
  "Hour_Fluctuation": 0.3496950269017588,
  "Day": 0.000000000000101084845643468,
  "Day_Fluctuation": 0.3496950269017588,
  "Week": 0.000000000000101084845643468,
  "Week_Fluctuation": 0.3496950269017588,
  "Duration": "00:21:27.3959577",
  "Updated": "2018-04-28T14:13:45.1303493Z"
}
