{
  "Live": 0.00000000000012977,
  "Minute": 0.00000000000012977,
  "Minute_Fluctuation": 0.25057750057750061,
  "Minute_5": 0.000000000000137597582383443,
  "Minute_5_Fluctuation": 0.27022848073435729,
  "Minute_10": 0.000000000000132412179943382,
  "Minute_10_Fluctuation": 0.20256431386837317,
  "Hour": 0.000000000000129818903129676,
  "Hour_Fluctuation": 0.183057814636791,
  "Day": 0.000000000000129818903129676,
  "Day_Fluctuation": 0.18305781463679102,
  "Week": 0.000000000000129818903129676,
  "Week_Fluctuation": 0.183057814636791,
  "Duration": "00:21:27.3959577",
  "Updated": "2018-04-28T14:37:21.5983124Z"
}
