{
  "Live": 0.00000000000846,
  "Minute": 0.00000000000846,
  "Minute_Fluctuation": 0.16814159292035397,
  "Minute_5": 0.00000000000917778333487963,
  "Minute_5_Fluctuation": 0.16685235198278656,
  "Minute_10": 0.00000000000885798503549454,
  "Minute_10_Fluctuation": 0.14996930880217255,
  "Hour": 0.00000000000865146964204738,
  "Hour_Fluctuation": 0.13834753579508591,
  "Day": 0.00000000000865146964204738,
  "Day_Fluctuation": 0.13834753579508591,
  "Week": 0.00000000000865146964204738,
  "Week_Fluctuation": 0.13834753579508591,
  "Duration": "00:21:27.3959577",
  "Updated": "2018-04-28T14:37:05.5355634Z"
}
