{
  "Live": 0.00000000000253,
  "Minute": 0.00000000000253,
  "Minute_Fluctuation": 0.57045840407470283,
  "Minute_5": 0.00000000000418056807781137,
  "Minute_5_Fluctuation": 0.56983291811283077,
  "Minute_10": 0.00000000000380961550527998,
  "Minute_10_Fluctuation": 0.54228850020166985,
  "Hour": 0.00000000000355826010952798,
  "Hour_Fluctuation": 0.52748236650435631,
  "Day": 0.00000000000355826010952798,
  "Day_Fluctuation": 0.52748236650435631,
  "Week": 0.00000000000355826010952798,
  "Week_Fluctuation": 0.52748236650435631,
  "Duration": "00:21:27.3959577",
  "Updated": "2018-04-28T14:37:09.9400231Z"
}
