{
  "Live": 0.00000000000050707,
  "Minute": 0.00000000000050707,
  "Minute_Fluctuation": 0.438473123518859,
  "Minute_5": 0.000000000000702797147585253,
  "Minute_5_Fluctuation": 0.29255896571705253,
  "Minute_10": 0.000000000000712544593623429,
  "Minute_10_Fluctuation": 0.27156926066344067,
  "Hour": 0.000000000000715794525712113,
  "Hour_Fluctuation": 0.27787626925986159,
  "Day": 0.000000000000715794525712113,
  "Day_Fluctuation": 0.27787626925986147,
  "Week": 0.000000000000715794525712113,
  "Week_Fluctuation": 0.27787626925986159,
  "Duration": "00:21:27.3959577",
  "Updated": "2018-04-28T14:36:56.3483508Z"
}
