{
  "Live": 0.00000000000455,
  "Minute": 0.00000000000455,
  "Minute_Fluctuation": 0.59090909090909083,
  "Minute_5": 0.00000000000440781540897812,
  "Minute_5_Fluctuation": 0.5700536316890652,
  "Minute_10": 0.00000000000401544276627458,
  "Minute_10_Fluctuation": 0.6437903441151448,
  "Hour": 0.00000000000247912274531994,
  "Hour_Fluctuation": 0.2655797432522406,
  "Day": 0.0000000000020021958320591,
  "Day_Fluctuation": 0.013788364894986877,
  "Week": 0.00000000000200198145356739,
  "Week_Fluctuation": 0.013677980963881954,
  "Duration": "1.00:20:21.0970095",
  "Updated": "2018-04-28T14:36:11.8757507Z"
}
