{
  "Live": 0.00000000000081087,
  "Minute": 0.00000000000081087,
  "Minute_Fluctuation": 0.0055677511926515485,
  "Minute_5": 0.000000000000852051158845279,
  "Minute_5_Fluctuation": 0.12396204419985958,
  "Minute_10": 0.000000000000901784198945627,
  "Minute_10_Fluctuation": 0.1973387795931219,
  "Hour": 0.000000000000934464475354821,
  "Hour_Fluctuation": 0.23920820624910413,
  "Day": 0.000000000000934464475354821,
  "Day_Fluctuation": 0.23920820624910413,
  "Week": 0.000000000000934464475354821,
  "Week_Fluctuation": 0.23920820624910413,
  "Duration": "00:21:27.3959577",
  "Updated": "2018-04-28T14:36:31.3406833Z"
}
