{
  "Live": 0.00000000000007773,
  "Minute": 0.00000000000007773,
  "Minute_Fluctuation": 0.022628601499802548,
  "Minute_5": 0.0000000000000940822631905409,
  "Minute_5_Fluctuation": 0.37713103462031289,
  "Minute_10": 0.0000000000000913085789303354,
  "Minute_10_Fluctuation": 0.33004561862591264,
  "Hour": 0.0000000000000878575449203086,
  "Hour_Fluctuation": 0.29157637072950993,
  "Day": 0.0000000000000878575449203086,
  "Day_Fluctuation": 0.29157637072950987,
  "Week": 0.0000000000000878575449203086,
  "Week_Fluctuation": 0.29157637072950987,
  "Duration": "00:21:27.3959577",
  "Updated": "2018-04-28T14:36:45.8123823Z"
}
