{
  "Live": 0.0000000000010607,
  "Minute": 0.0000000000010607,
  "Minute_Fluctuation": 0.45987310238517953,
  "Minute_5": 0.000000000000896899313128733,
  "Minute_5_Fluctuation": 0.20313886586762864,
  "Minute_10": 0.000000000000938723136274645,
  "Minute_10_Fluctuation": 0.12996005726447693,
  "Hour": 0.000000000000967846713741605,
  "Hour_Fluctuation": 0.097789025963355591,
  "Day": 0.000000000000967846713741605,
  "Day_Fluctuation": 0.097789025963355591,
  "Week": 0.000000000000967846713741605,
  "Week_Fluctuation": 0.097789025963355591,
  "Duration": "00:21:27.3959577",
  "Updated": "2018-04-28T14:37:31.5191317Z"
}
