{
  "Live": 0.00000000000019506,
  "Minute": 0.00000000000019506,
  "Minute_Fluctuation": 0.9940707421795133,
  "Minute_5": 0.000000000000124339846857173,
  "Minute_5_Fluctuation": 0.31392378721958969,
  "Minute_10": 0.000000000000119015607426109,
  "Minute_10_Fluctuation": 0.29133054462475977,
  "Hour": 0.000000000000116910541017473,
  "Hour_Fluctuation": 0.27394296809369445,
  "Day": 0.000000000000116910541017473,
  "Day_Fluctuation": 0.27394296809369445,
  "Week": 0.000000000000116910541017473,
  "Week_Fluctuation": 0.27394296809369445,
  "Duration": "00:21:27.3959577",
  "Updated": "2018-04-28T14:36:39.9584614Z"
}
