{
  "Live": 0.00000000000011403,
  "Minute": 0.00000000000011403,
  "Minute_Fluctuation": 0.018034104097848412,
  "Minute_5": 0.000000000000126592711519731,
  "Minute_5_Fluctuation": 0.16894409241853811,
  "Minute_10": 0.00000000000014429705191234,
  "Minute_10_Fluctuation": 0.15755258226560884,
  "Hour": 0.000000000000154764412481754,
  "Hour_Fluctuation": 0.12367829384393553,
  "Day": 0.000000000000154764412481754,
  "Day_Fluctuation": 0.12367829384393554,
  "Week": 0.000000000000154764412481754,
  "Week_Fluctuation": 0.12367829384393553,
  "Duration": "00:21:27.3959577",
  "Updated": "2018-04-28T14:36:57.3170932Z"
}
