{
  "Live": 0.00000000000001334,
  "Minute": 0.00000000000001334,
  "Minute_Fluctuation": 0.085048010973936883,
  "Minute_5": 0.0000000000000137314687322074,
  "Minute_5_Fluctuation": 0.12026926685261477,
  "Minute_10": 0.0000000000000125040066504287,
  "Minute_10_Fluctuation": 0.20016387834447452,
  "Hour": 0.000000000000011730000587303,
  "Hour_Fluctuation": 0.20085973169209223,
  "Day": 0.000000000000011730000587303,
  "Day_Fluctuation": 0.2008597316920922,
  "Week": 0.000000000000011730000587303,
  "Week_Fluctuation": 0.2008597316920922,
  "Duration": "00:21:27.3959577",
  "Updated": "2018-04-28T14:37:19.939316Z"
}
