{
  "Live": 0.00000000000000917,
  "Minute": 0.00000000000000917,
  "Minute_Fluctuation": 0.15405904059040584,
  "Minute_5": 0.0000000000000102824935028473,
  "Minute_5_Fluctuation": 0.12382509787226591,
  "Minute_10": 0.0000000000000100373363323696,
  "Minute_10_Fluctuation": 0.11224710579359945,
  "Hour": 0.000000000000009572016307008,
  "Hour_Fluctuation": 0.031153884711803012,
  "Day": 0.0000000000000094647139000171,
  "Day_Fluctuation": 0.0014374374267016384,
  "Week": 0.0000000000000094646537849749,
  "Week_Fluctuation": 0.0014256432189722324,
  "Duration": "1.00:20:21.0970095",
  "Updated": "2018-04-28T14:36:03.5911251Z"
}
