{
  "Live": 0.00000000000036,
  "Minute": 0.00000000000036,
  "Minute_Fluctuation": 0.16129032258064513,
  "Minute_5": 0.000000000000327143731337667,
  "Minute_5_Fluctuation": 0.049469336435630167,
  "Minute_10": 0.000000000000323242588628583,
  "Minute_10_Fluctuation": 0.0245789279259484,
  "Hour": 0.00000000000032049469851584,
  "Hour_Fluctuation": 0.0040771737294164022,
  "Day": 0.000000000000320020247209961,
  "Day_Fluctuation": 0.00016973785979673993,
  "Week": 0.000000000000320020183773058,
  "Week_Fluctuation": 0.00016953969333821352,
  "Duration": "1.00:03:47.7467872",
  "Updated": "2018-04-28T14:36:19.6654377Z"
}
