{
  "Live": 0.00000000000082734,
  "Minute": 0.00000000000082734,
  "Minute_Fluctuation": 0.0071284562211981241,
  "Minute_5": 0.000000000000880844267578672,
  "Minute_5_Fluctuation": 0.1086338619179523,
  "Minute_10": 0.000000000000892611068851893,
  "Minute_10_Fluctuation": 0.1258103285405516,
  "Hour": 0.000000000000899799499702766,
  "Hour_Fluctuation": 0.13559102437496412,
  "Day": 0.000000000000899799499702766,
  "Day_Fluctuation": 0.13559102437496412,
  "Week": 0.000000000000899799499702766,
  "Week_Fluctuation": 0.13559102437496412,
  "Duration": "00:21:27.3959577",
  "Updated": "2018-04-28T14:36:54.9811413Z"
}
