{
  "Live": 0.00000000002079,
  "Minute": 0.00000000002079,
  "Minute_Fluctuation": 0.0,
  "Minute_5": 0.0000000000203308723013551,
  "Minute_5_Fluctuation": 0.037918479426027718,
  "Minute_10": 0.0000000000198680006796966,
  "Minute_10_Fluctuation": 0.028800924964152146,
  "Hour": 0.000000000019599155058366,
  "Hour_Fluctuation": 0.018840488100346706,
  "Day": 0.000000000019599155058366,
  "Day_Fluctuation": 0.018840488100346706,
  "Week": 0.000000000019599155058366,
  "Week_Fluctuation": 0.018840488100346706,
  "Duration": "00:21:27.3959577",
  "Updated": "2018-04-28T14:08:18.8641482Z"
}
