{
  "Live": 0.00000000000002586,
  "Minute": 0.00000000000002586,
  "Minute_Fluctuation": 0.02193645990922841,
  "Minute_5": 0.0000000000000248855237594312,
  "Minute_5_Fluctuation": 0.13516454507961689,
  "Minute_10": 0.0000000000000230075057578024,
  "Minute_10_Fluctuation": 0.12871651233459888,
  "Hour": 0.0000000000000218258900891155,
  "Hour_Fluctuation": 0.096468545206211273,
  "Day": 0.0000000000000218258900891155,
  "Day_Fluctuation": 0.096468545206211287,
  "Week": 0.0000000000000218258900891155,
  "Week_Fluctuation": 0.096468545206211273,
  "Duration": "00:21:27.3959577",
  "Updated": "2018-04-28T14:37:11.1765931Z"
}
