{
  "Live": 0.00000000000853,
  "Minute": 0.00000000000853,
  "Minute_Fluctuation": 0.0035046728971965058,
  "Minute_5": 0.00000000000838340053725542,
  "Minute_5_Fluctuation": 0.033652305908618438,
  "Minute_10": 0.00000000000820672629502836,
  "Minute_10_Fluctuation": 0.02776317537601105,
  "Hour": 0.0000000000081033069257306,
  "Hour_Fluctuation": 0.019381680010297334,
  "Day": 0.00000000000810330692573061,
  "Day_Fluctuation": 0.019381680010297254,
  "Week": 0.0000000000081033069257306,
  "Week_Fluctuation": 0.019381680010297334,
  "Duration": "00:21:27.3959577",
  "Updated": "2018-04-28T14:36:40.3105407Z"
}
