{
  "Live": 0.0000000000001,
  "Minute": 0.0000000000001,
  "Minute_Fluctuation": 0.0,
  "Minute_5": 0.0000000000000971124044110387,
  "Minute_5_Fluctuation": 0.050507555936773217,
  "Minute_10": 0.0000000000000942012621364564,
  "Minute_10_Fluctuation": 0.038489878709844286,
  "Hour": 0.0000000000000925104091721137,
  "Hour_Fluctuation": 0.025221127449521135,
  "Day": 0.0000000000000925104091721137,
  "Day_Fluctuation": 0.025221127449521135,
  "Week": 0.0000000000000925104091721137,
  "Week_Fluctuation": 0.025221127449521135,
  "Duration": "00:21:27.3959577",
  "Updated": "2018-04-28T14:08:15.5531142Z"
}
