{
  "Live": 0.00000000000023,
  "Minute": 0.00000000000023,
  "Minute_Fluctuation": 1.555555555555556,
  "Minute_5": 0.000000000000145004038296786,
  "Minute_5_Fluctuation": 0.55561170942214844,
  "Minute_10": 0.000000000000156285519887358,
  "Minute_10_Fluctuation": 0.45215139186539133,
  "Hour": 0.000000000000166619096657172,
  "Hour_Fluctuation": 0.43670067407645946,
  "Day": 0.000000000000166619096657172,
  "Day_Fluctuation": 0.43670067407645941,
  "Week": 0.000000000000166619096657172,
  "Week_Fluctuation": 0.43670067407645941,
  "Duration": "00:21:27.3959577",
  "Updated": "2018-04-28T14:37:08.4638289Z"
}
