{
  "Live": 0.0000000000000184,
  "Minute": 0.0000000000000184,
  "Minute_Fluctuation": 0.0,
  "Minute_5": 0.0000000000000186153696439454,
  "Minute_5_Fluctuation": 0.029914452658109374,
  "Minute_10": 0.000000000000018555775096179,
  "Minute_10_Fluctuation": 0.048915921167626553,
  "Hour": 0.000000000000018521995152873,
  "Hour_Fluctuation": 0.061778406412466458,
  "Day": 0.000000000000018521995152873,
  "Day_Fluctuation": 0.061778406412466458,
  "Week": 0.000000000000018521995152873,
  "Week_Fluctuation": 0.061778406412466458,
  "Duration": "00:21:27.3959577",
  "Updated": "2018-04-28T14:08:17.5166598Z"
}
