{
  "Live": 0.00000000000110373,
  "Minute": 0.00000000000110373,
  "Minute_Fluctuation": 0.10881948141971658,
  "Minute_5": 0.00000000000102863473083651,
  "Minute_5_Fluctuation": 0.067209229082445046,
  "Minute_10": 0.00000000000102744378577136,
  "Minute_10_Fluctuation": 0.061800737274351425,
  "Hour": 0.00000000000103063832232825,
  "Hour_Fluctuation": 0.061013162954951572,
  "Day": 0.00000000000103063832232825,
  "Day_Fluctuation": 0.061013162954951572,
  "Week": 0.00000000000103063832232825,
  "Week_Fluctuation": 0.061013162954951572,
  "Duration": "00:21:27.3959577",
  "Updated": "2018-04-28T14:37:26.7850204Z"
}
