{
  "Live": 0.0000000000000117,
  "Minute": 0.0000000000000117,
  "Minute_Fluctuation": 0.74642392717815353,
  "Minute_5": 0.000000000000022176027160683,
  "Minute_5_Fluctuation": 2.5002938911130794,
  "Minute_10": 0.0000000000000180809210021984,
  "Minute_10_Fluctuation": 1.187045564300075,
  "Hour": 0.0000000000000158441702992501,
  "Hour_Fluctuation": 0.9197649927393835,
  "Day": 0.0000000000000158441702992501,
  "Day_Fluctuation": 0.9197649927393835,
  "Week": 0.0000000000000158441702992501,
  "Week_Fluctuation": 0.91976499273938328,
  "Duration": "00:21:27.3959577",
  "Updated": "2018-04-28T14:36:33.5258695Z"
}
