{
  "Live": 0.00000000000028,
  "Minute": 0.00000000000028,
  "Minute_Fluctuation": 0.33333333333333348,
  "Minute_5": 0.000000000000260808661347671,
  "Minute_5_Fluctuation": 0.30608823019966025,
  "Minute_10": 0.000000000000240098764482283,
  "Minute_10_Fluctuation": 0.31803561385872864,
  "Hour": 0.000000000000191913578512237,
  "Hour_Fluctuation": 0.10788578724697728,
  "Day": 0.000000000000180494957613474,
  "Day_Fluctuation": 0.0052737919953493853,
  "Week": 0.000000000000180488669853563,
  "Week_Fluctuation": 0.0052325813489120417,
  "Duration": "1.00:20:21.0970095",
  "Updated": "2018-04-28T14:35:58.3962819Z"
}
