{
  "Live": 0.00000000000046,
  "Minute": 0.00000000000046,
  "Minute_Fluctuation": 0.061224489795918512,
  "Minute_5": 0.00000000000045107890344499,
  "Minute_5_Fluctuation": 0.066011174645038154,
  "Minute_10": 0.000000000000458124797059265,
  "Minute_10_Fluctuation": 0.066760819643801136,
  "Hour": 0.000000000000508919119982878,
  "Hour_Fluctuation": 0.035775134536843341,
  "Day": 0.000000000000529015996589428,
  "Day_Fluctuation": 0.0018489563217248485,
  "Week": 0.000000000000529020693189414,
  "Week_Fluctuation": 0.0018401720209241536,
  "Duration": "1.00:15:25.8740121",
  "Updated": "2018-04-27T11:42:22.3378468Z"
}
