{
  "Live": 0.00000000000098442,
  "Minute": 0.00000000000098442,
  "Minute_Fluctuation": 0.036689905010636154,
  "Minute_5": 0.000000000000938626012642205,
  "Minute_5_Fluctuation": 0.059235588627066946,
  "Minute_10": 0.000000000000910175852861951,
  "Minute_10_Fluctuation": 0.051100818761718209,
  "Hour": 0.000000000000893539786020372,
  "Hour_Fluctuation": 0.039880944226550669,
  "Day": 0.000000000000893539786020372,
  "Day_Fluctuation": 0.039880944226550669,
  "Week": 0.000000000000893539786020372,
  "Week_Fluctuation": 0.039880944226550655,
  "Duration": "00:21:27.3959577",
  "Updated": "2018-04-28T14:37:07.6199284Z"
}
