{
  "Live": 0.00000000000021575,
  "Minute": 0.00000000000021575,
  "Minute_Fluctuation": 0.32378205914836183,
  "Minute_5": 0.000000000000197382848828063,
  "Minute_5_Fluctuation": 0.29275420107355166,
  "Minute_10": 0.000000000000193544393105491,
  "Minute_10_Fluctuation": 0.24402457391918425,
  "Hour": 0.000000000000167519566090024,
  "Hour_Fluctuation": 0.0776372326304185,
  "Day": 0.000000000000156792240244243,
  "Day_Fluctuation": 0.00393379156978438,
  "Week": 0.000000000000156788519510785,
  "Week_Fluctuation": 0.0039050348858160975,
  "Duration": "1.00:20:21.0970095",
  "Updated": "2018-04-28T14:36:05.9172687Z"
}
