{
  "Live": 0.00000000000124156,
  "Minute": 0.00000000000124156,
  "Minute_Fluctuation": 0.27410052747162522,
  "Minute_5": 0.00000000000113450222647241,
  "Minute_5_Fluctuation": 0.14229607205419981,
  "Minute_10": 0.00000000000118008678045592,
  "Minute_10_Fluctuation": 0.13986431769590629,
  "Hour": 0.00000000000120824570756649,
  "Hour_Fluctuation": 0.14662592839523031,
  "Day": 0.00000000000120824570756649,
  "Day_Fluctuation": 0.14662592839523031,
  "Week": 0.00000000000120824570756649,
  "Week_Fluctuation": 0.14662592839523031,
  "Duration": "00:21:27.3959577",
  "Updated": "2018-04-28T14:37:07.9162379Z"
}
