{
  "Live": 0.00000000000012,
  "Minute": 0.00000000000012,
  "Minute_Fluctuation": 0.076923076923076983,
  "Minute_5": 0.000000000000119673123953297,
  "Minute_5_Fluctuation": 0.12395162083747449,
  "Minute_10": 0.000000000000109741020626409,
  "Minute_10_Fluctuation": 0.1430199157601324,
  "Hour": 0.000000000000103607029341623,
  "Hour_Fluctuation": 0.11687029138197715,
  "Day": 0.000000000000103607029341623,
  "Day_Fluctuation": 0.11687029138197715,
  "Week": 0.000000000000103607029341623,
  "Week_Fluctuation": 0.11687029138197715,
  "Duration": "00:21:27.3959577",
  "Updated": "2018-04-28T14:37:13.2477258Z"
}
