{
  "Live": 0.0000000000024,
  "Minute": 0.0000000000024,
  "Minute_Fluctuation": 0.16083916083916086,
  "Minute_5": 0.00000000000295277595872621,
  "Minute_5_Fluctuation": 0.16502590479111073,
  "Minute_10": 0.00000000000328530878144049,
  "Minute_10_Fluctuation": 0.14049941569954061,
  "Hour": 0.00000000000347797296716702,
  "Hour_Fluctuation": 0.11631432474868188,
  "Day": 0.00000000000347797296716702,
  "Day_Fluctuation": 0.11631432474868188,
  "Week": 0.00000000000347797296716702,
  "Week_Fluctuation": 0.11631432474868188,
  "Duration": "00:21:27.3959577",
  "Updated": "2018-04-28T14:37:09.3070756Z"
}
