{
  "Live": 0.00000000000373,
  "Minute": 0.00000000000373,
  "Minute_Fluctuation": 0.43461538461538457,
  "Minute_5": 0.00000000000319028438108878,
  "Minute_5_Fluctuation": 0.19189446597867232,
  "Minute_10": 0.00000000000325282647255826,
  "Minute_10_Fluctuation": 0.15526302944694395,
  "Hour": 0.00000000000330749243243966,
  "Hour_Fluctuation": 0.1506790374522024,
  "Day": 0.00000000000330749243243966,
  "Day_Fluctuation": 0.15067903745220243,
  "Week": 0.00000000000330749243243966,
  "Week_Fluctuation": 0.1506790374522024,
  "Duration": "00:21:27.3959577",
  "Updated": "2018-04-28T14:36:33.9041513Z"
}
