{
  "Live": 0.00000000000467,
  "Minute": 0.00000000000467,
  "Minute_Fluctuation": 0.076036866359446925,
  "Minute_5": 0.0000000000135661236013915,
  "Minute_5_Fluctuation": 0.59511332282708329,
  "Minute_10": 0.0000000000238889312863218,
  "Minute_10_Fluctuation": 0.44480108203730084,
  "Hour": 0.0000000000298461346790907,
  "Hour_Fluctuation": 0.33350468170959324,
  "Day": 0.0000000000298461346790907,
  "Day_Fluctuation": 0.3335046817095933,
  "Week": 0.0000000000298461346790907,
  "Week_Fluctuation": 0.33350468170959324,
  "Duration": "00:21:27.3959577",
  "Updated": "2018-04-28T14:37:20.9438984Z"
}
