{
  "Live": 0.00000000000004832,
  "Minute": 0.00000000000004832,
  "Minute_Fluctuation": 0.00020699648105991516,
  "Minute_5": 0.0000000000000649585478540234,
  "Minute_5_Fluctuation": 0.32147495465752335,
  "Minute_10": 0.0000000000000789848468425771,
  "Minute_10_Fluctuation": 0.25510192460605025,
  "Hour": 0.0000000000000870575114832406,
  "Hour_Fluctuation": 0.19651783508280041,
  "Day": 0.0000000000000870575114832406,
  "Day_Fluctuation": 0.19651783508280041,
  "Week": 0.0000000000000870575114832406,
  "Week_Fluctuation": 0.19651783508280035,
  "Duration": "00:21:27.3959577",
  "Updated": "2018-04-28T14:37:04.8399358Z"
}
