{
  "Live": 0.00000000001268,
  "Minute": 0.00000000001268,
  "Minute_Fluctuation": 0.00078802206461782182,
  "Minute_5": 0.0000000000115824453514367,
  "Minute_5_Fluctuation": 0.18474734049665312,
  "Minute_10": 0.0000000000104437744015531,
  "Minute_10_Fluctuation": 0.14947438885888648,
  "Hour": 0.00000000000978012404347813,
  "Hour_Fluctuation": 0.10182349573794583,
  "Day": 0.00000000000978012404347813,
  "Day_Fluctuation": 0.10182349573794586,
  "Week": 0.00000000000978012404347813,
  "Week_Fluctuation": 0.10182349573794583,
  "Duration": "00:21:27.3959577",
  "Updated": "2018-04-28T14:37:36.2232988Z"
}
