{
  "Live": 0.00000000000012596,
  "Minute": 0.00000000000012596,
  "Minute_Fluctuation": 0.30352892476456589,
  "Minute_5": 0.000000000000123720521180094,
  "Minute_5_Fluctuation": 0.19641112771256611,
  "Minute_10": 0.000000000000131474616485228,
  "Minute_10_Fluctuation": 0.20404416200502207,
  "Hour": 0.00000000000013627379401278,
  "Hour_Fluctuation": 0.20266529926181148,
  "Day": 0.00000000000013627379401278,
  "Day_Fluctuation": 0.20266529926181151,
  "Week": 0.00000000000013627379401278,
  "Week_Fluctuation": 0.20266529926181148,
  "Duration": "00:21:27.3959577",
  "Updated": "2018-04-28T14:37:29.9472355Z"
}
