{
  "Live": 0.00000000000008908,
  "Minute": 0.00000000000008908,
  "Minute_Fluctuation": 0.095267113548649127,
  "Minute_5": 0.0000000000000825610005237247,
  "Minute_5_Fluctuation": 0.3562308399114803,
  "Minute_10": 0.0000000000000691481648089498,
  "Minute_10_Fluctuation": 0.3290324558410147,
  "Hour": 0.000000000000061045788549468,
  "Hour_Fluctuation": 0.24545627193120495,
  "Day": 0.000000000000061045788549468,
  "Day_Fluctuation": 0.24545627193120498,
  "Week": 0.000000000000061045788549468,
  "Week_Fluctuation": 0.24545627193120495,
  "Duration": "00:21:27.3959577",
  "Updated": "2018-04-28T14:37:27.9365608Z"
}
