{
  "Live": 0.00000000000000899,
  "Minute": 0.00000000000000899,
  "Minute_Fluctuation": 0.0,
  "Minute_5": 0.0000000000000118615632667734,
  "Minute_5_Fluctuation": 0.31634261358797122,
  "Minute_10": 0.0000000000000153523775447361,
  "Minute_10_Fluctuation": 0.2533392326952979,
  "Hour": 0.0000000000000174124465366758,
  "Hour_Fluctuation": 0.18227268433411839,
  "Day": 0.0000000000000174124465366758,
  "Day_Fluctuation": 0.18227268433411839,
  "Week": 0.0000000000000174124465366758,
  "Week_Fluctuation": 0.18227268433411839,
  "Duration": "00:21:27.3959577",
  "Updated": "2018-04-28T14:08:19.2526404Z"
}
