{
  "Live": 0.00000000000113138,
  "Minute": 0.00000000000113138,
  "Minute_Fluctuation": 0.37253427150309343,
  "Minute_5": 0.000000000000973649253342216,
  "Minute_5_Fluctuation": 0.13673446843977916,
  "Minute_10": 0.000000000000974368969556874,
  "Minute_10_Fluctuation": 0.0820850522088134,
  "Hour": 0.000000000000975476034263996,
  "Hour_Fluctuation": 0.059535093505290709,
  "Day": 0.000000000000975476034263994,
  "Day_Fluctuation": 0.059535093505290751,
  "Week": 0.000000000000975476034263994,
  "Week_Fluctuation": 0.059535093505290744,
  "Duration": "00:21:27.3959577",
  "Updated": "2018-04-28T14:37:25.3644588Z"
}
