{
  "Live": 0.00000000000002424,
  "Minute": 0.00000000000002424,
  "Minute_Fluctuation": 0.085049239033124585,
  "Minute_5": 0.0000000000000220039947277919,
  "Minute_5_Fluctuation": 0.14233645339730544,
  "Minute_10": 0.0000000000000216794654143549,
  "Minute_10_Fluctuation": 0.12037488616854834,
  "Hour": 0.0000000000000215420536100468,
  "Hour_Fluctuation": 0.11414802570812199,
  "Day": 0.0000000000000215420536100468,
  "Day_Fluctuation": 0.11414802570812199,
  "Week": 0.0000000000000215420536100468,
  "Week_Fluctuation": 0.11414802570812198,
  "Duration": "00:21:27.3959577",
  "Updated": "2018-04-28T14:36:52.7257115Z"
}
