{
  "Live": 0.0000000000001248,
  "Minute": 0.0000000000001248,
  "Minute_Fluctuation": 0.2278630460448641,
  "Minute_5": 0.000000000000113145564871096,
  "Minute_5_Fluctuation": 0.328197172893438,
  "Minute_10": 0.000000000000110174102808863,
  "Minute_10_Fluctuation": 0.38660770034135034,
  "Hour": 0.000000000000108666646691871,
  "Hour_Fluctuation": 0.43301399621660708,
  "Day": 0.000000000000108666646691871,
  "Day_Fluctuation": 0.43301399621660697,
  "Week": 0.000000000000108666646691871,
  "Week_Fluctuation": 0.43301399621660697,
  "Duration": "00:21:27.3959577",
  "Updated": "2018-04-28T14:36:57.708824Z"
}
