{
  "Live": 0.00000000000005201,
  "Minute": 0.00000000000005201,
  "Minute_Fluctuation": 1.213398815952335E-16,
  "Minute_5": 0.0000000000000586786882690561,
  "Minute_5_Fluctuation": 0.27607380166856349,
  "Minute_10": 0.0000000000000714482867171782,
  "Minute_10_Fluctuation": 0.29931843302130939,
  "Hour": 0.0000000000000795494864562014,
  "Hour_Fluctuation": 0.27045111886209144,
  "Day": 0.0000000000000795494864562014,
  "Day_Fluctuation": 0.27045111886209139,
  "Week": 0.0000000000000795494864562014,
  "Week_Fluctuation": 0.27045111886209139,
  "Duration": "00:21:27.3959577",
  "Updated": "2018-04-28T14:13:40.340318Z"
}
