{
  "Live": 0.00000000000019,
  "Minute": 0.00000000000019,
  "Minute_Fluctuation": 0.050000000000000037,
  "Minute_5": 0.00000000000020959066968174,
  "Minute_5_Fluctuation": 0.10604901422627137,
  "Minute_10": 0.000000000000225783699685073,
  "Minute_10_Fluctuation": 0.091101312254516176,
  "Hour": 0.000000000000235179707012558,
  "Hour_Fluctuation": 0.068254520971813448,
  "Day": 0.000000000000235179707012558,
  "Day_Fluctuation": 0.068254520971813462,
  "Week": 0.000000000000235179707012558,
  "Week_Fluctuation": 0.068254520971813448,
  "Duration": "00:21:27.3959577",
  "Updated": "2018-04-28T14:37:25.0405025Z"
}
