{
  "Live": 0.00000000000106136,
  "Minute": 0.00000000000106136,
  "Minute_Fluctuation": 0.0044180963726583493,
  "Minute_5": 0.00000000000106585124531643,
  "Minute_5_Fluctuation": 0.014198729074019737,
  "Minute_10": 0.00000000000105575311336612,
  "Minute_10_Fluctuation": 0.031945227505255892,
  "Hour": 0.00000000000105040721466116,
  "Hour_Fluctuation": 0.038477840703415936,
  "Day": 0.00000000000105040721466116,
  "Day_Fluctuation": 0.038477840703415936,
  "Week": 0.00000000000105040721466116,
  "Week_Fluctuation": 0.038477840703415922,
  "Duration": "00:21:27.3959577",
  "Updated": "2018-04-28T14:37:26.5386878Z"
}
