{
  "Live": 0.00000000000078595,
  "Minute": 0.00000000000078595,
  "Minute_Fluctuation": 0.23993772121540333,
  "Minute_5": 0.00000000000109012877730676,
  "Minute_5_Fluctuation": 0.2703746636458863,
  "Minute_10": 0.00000000000116766592087831,
  "Minute_10_Fluctuation": 0.20789882775877006,
  "Hour": 0.00000000000116942058926855,
  "Hour_Fluctuation": 0.052961526854997526,
  "Day": 0.0000000000011568055842064,
  "Day_Fluctuation": 0.0024168036767118553,
  "Week": 0.00000000000115680343015982,
  "Week_Fluctuation": 0.00239763297612647,
  "Duration": "1.00:20:21.0970095",
  "Updated": "2018-04-28T14:36:08.8558606Z"
}
