{
  "Live": 0.00000000000001573,
  "Minute": 0.00000000000001573,
  "Minute_Fluctuation": 0.00063532401524786183,
  "Minute_5": 0.0000000000000152653474894583,
  "Minute_5_Fluctuation": 0.10866794428906622,
  "Minute_10": 0.0000000000000148317148302062,
  "Minute_10_Fluctuation": 0.091051260143069676,
  "Hour": 0.0000000000000145612835847367,
  "Hour_Fluctuation": 0.071689384170159756,
  "Day": 0.0000000000000145612835847367,
  "Day_Fluctuation": 0.071689384170159756,
  "Week": 0.0000000000000145612835847367,
  "Week_Fluctuation": 0.071689384170159756,
  "Duration": "00:21:27.3959577",
  "Updated": "2018-04-28T14:37:07.1963432Z"
}
