{
  "Live": 0.00000000000047,
  "Minute": 0.00000000000047,
  "Minute_Fluctuation": 0.0,
  "Minute_5": 0.000000000000448260081009066,
  "Minute_5_Fluctuation": 0.10228932610012663,
  "Minute_10": 0.000000000000432610230238401,
  "Minute_10_Fluctuation": 0.075421314544716345,
  "Hour": 0.0000000000004276551095216,
  "Hour_Fluctuation": 0.068780930442164753,
  "Day": 0.0000000000004276551095216,
  "Day_Fluctuation": 0.068780930442164739,
  "Week": 0.0000000000004276551095216,
  "Week_Fluctuation": 0.068780930442164739,
  "Duration": "00:16:32.1729603",
  "Updated": "2018-04-27T11:39:16.8302128Z"
}
