{
  "Live": 0.00000000000035817,
  "Minute": 0.00000000000035817,
  "Minute_Fluctuation": 1.2571842702293923,
  "Minute_5": 0.000000000000265946551303585,
  "Minute_5_Fluctuation": 0.53638371519205519,
  "Minute_10": 0.000000000000242281164861871,
  "Minute_10_Fluctuation": 0.48298656949621432,
  "Hour": 0.00000000000022568439970435,
  "Hour_Fluctuation": 0.44622190267698975,
  "Day": 0.00000000000022568439970435,
  "Day_Fluctuation": 0.44622190267698975,
  "Week": 0.00000000000022568439970435,
  "Week_Fluctuation": 0.44622190267698975,
  "Duration": "00:21:27.3959577",
  "Updated": "2018-04-28T14:36:47.534693Z"
}
