{
  "Live": 0.00000000000007673,
  "Minute": 0.00000000000007673,
  "Minute_Fluctuation": 0.15557228915662658,
  "Minute_5": 0.000000000000091080383538087,
  "Minute_5_Fluctuation": 0.28795034580090867,
  "Minute_10": 0.0000000000000977494475628703,
  "Minute_10_Fluctuation": 0.24871604515210755,
  "Hour": 0.000000000000100500774433798,
  "Hour_Fluctuation": 0.21467691015972951,
  "Day": 0.000000000000100500774433798,
  "Day_Fluctuation": 0.21467691015972948,
  "Week": 0.000000000000100500774433798,
  "Week_Fluctuation": 0.21467691015972948,
  "Duration": "00:21:27.3959577",
  "Updated": "2018-04-28T14:37:09.0248808Z"
}
