{
  "Live": 0.00000000000001244,
  "Minute": 0.00000000000001244,
  "Minute_Fluctuation": 0.36172396100564391,
  "Minute_5": 0.0000000000000174587988319247,
  "Minute_5_Fluctuation": 0.13419548924031002,
  "Minute_10": 0.0000000000000181362889022513,
  "Minute_10_Fluctuation": 0.14686255084904076,
  "Hour": 0.0000000000000184153784381268,
  "Hour_Fluctuation": 0.16052880464901265,
  "Day": 0.0000000000000184153784381268,
  "Day_Fluctuation": 0.16052880464901267,
  "Week": 0.0000000000000184153784381268,
  "Week_Fluctuation": 0.16052880464901265,
  "Duration": "00:21:27.3959577",
  "Updated": "2018-04-28T14:36:45.0772999Z"
}
