{
  "Live": 0.00000000001977,
  "Minute": 0.00000000001977,
  "Minute_Fluctuation": 0.2984386089425124,
  "Minute_5": 0.0000000000206240308537153,
  "Minute_5_Fluctuation": 0.56946327501951943,
  "Minute_10": 0.000000000018606105745782,
  "Minute_10_Fluctuation": 0.44544746753344555,
  "Hour": 0.0000000000174057558968333,
  "Hour_Fluctuation": 0.40618923389170025,
  "Day": 0.0000000000174057558968333,
  "Day_Fluctuation": 0.40618923389170025,
  "Week": 0.0000000000174057558968333,
  "Week_Fluctuation": 0.40618923389170025,
  "Duration": "00:21:27.3959577",
  "Updated": "2018-04-28T14:37:36.6488Z"
}
