{
  "Live": 0.00000000000010959,
  "Minute": 0.00000000000010959,
  "Minute_Fluctuation": 0.257631397750746,
  "Minute_5": 0.0000000000000933537072023324,
  "Minute_5_Fluctuation": 0.10310797512552176,
  "Minute_10": 0.0000000000000915449711301956,
  "Minute_10_Fluctuation": 0.11453823514522155,
  "Hour": 0.0000000000000908900455671203,
  "Hour_Fluctuation": 0.12158600634075664,
  "Day": 0.0000000000000908900455671203,
  "Day_Fluctuation": 0.12158600634075664,
  "Week": 0.0000000000000908900455671203,
  "Week_Fluctuation": 0.12158600634075664,
  "Duration": "00:20:21.0970095",
  "Updated": "2018-04-28T14:36:51.2574378Z"
}
