{
  "Live": 0.00000000004539,
  "Minute": 0.00000000004539,
  "Minute_Fluctuation": 0.025128865979381462,
  "Minute_5": 0.0000000000474186508332747,
  "Minute_5_Fluctuation": 0.099792206042013887,
  "Minute_10": 0.0000000000484859462867923,
  "Minute_10_Fluctuation": 0.096899836189338132,
  "Hour": 0.0000000000499445715305837,
  "Hour_Fluctuation": 0.03187824148747738,
  "Day": 0.0000000000506050464760088,
  "Day_Fluctuation": 0.0015347804335937053,
  "Week": 0.000000000050605186161527,
  "Week_Fluctuation": 0.0015257341248624966,
  "Duration": "1.00:20:21.0970095",
  "Updated": "2018-04-28T14:36:27.5963623Z"
}
