{
  "Live": 0.00000000000608,
  "Minute": 0.00000000000608,
  "Minute_Fluctuation": 0.36863966770508827,
  "Minute_5": 0.00000000000779325031186002,
  "Minute_5_Fluctuation": 0.26042234458668673,
  "Minute_10": 0.00000000000816481580911382,
  "Minute_10_Fluctuation": 0.19752900149902516,
  "Hour": 0.00000000000840490671564013,
  "Hour_Fluctuation": 0.17819264277606339,
  "Day": 0.00000000000840490671564013,
  "Day_Fluctuation": 0.17819264277606345,
  "Week": 0.00000000000840490671564013,
  "Week_Fluctuation": 0.17819264277606339,
  "Duration": "00:21:27.3959577",
  "Updated": "2018-04-28T14:36:37.3337064Z"
}
