{
  "Live": 0.00000000000027,
  "Minute": 0.00000000000027,
  "Minute_Fluctuation": 0.17391304347826103,
  "Minute_5": 0.00000000000023552033766574,
  "Minute_5_Fluctuation": 0.10783556714200375,
  "Minute_10": 0.000000000000236849732999016,
  "Minute_10_Fluctuation": 0.11675287205010507,
  "Hour": 0.000000000000238406429906861,
  "Hour_Fluctuation": 0.13114473408075369,
  "Day": 0.000000000000238406429906861,
  "Day_Fluctuation": 0.13114473408075372,
  "Week": 0.000000000000238406429906861,
  "Week_Fluctuation": 0.13114473408075369,
  "Duration": "00:21:27.3959577",
  "Updated": "2018-04-28T14:36:46.6423477Z"
}
