{
  "Live": 0.00000000000108251,
  "Minute": 0.00000000000108251,
  "Minute_Fluctuation": 0.11677258284157972,
  "Minute_5": 0.00000000000101312826760843,
  "Minute_5_Fluctuation": 0.05384717452506381,
  "Minute_10": 0.00000000000100078209542335,
  "Minute_10_Fluctuation": 0.034399918751368067,
  "Hour": 0.000000000000993546371697924,
  "Hour_Fluctuation": 0.02521608558506943,
  "Day": 0.000000000000993546371697924,
  "Day_Fluctuation": 0.025216085585069426,
  "Week": 0.000000000000993546371697924,
  "Week_Fluctuation": 0.025216085585069426,
  "Duration": "00:21:27.3959577",
  "Updated": "2018-04-28T14:37:28.2345805Z"
}
