{
  "Live": 0.00000000000098292,
  "Minute": 0.00000000000098292,
  "Minute_Fluctuation": 0.0047488381041099759,
  "Minute_5": 0.000000000000983989401304218,
  "Minute_5_Fluctuation": 0.012267743893278751,
  "Minute_10": 0.000000000000970867306657304,
  "Minute_10_Fluctuation": 0.027134199556171874,
  "Hour": 0.000000000000962742055412651,
  "Hour_Fluctuation": 0.028378230370046484,
  "Day": 0.000000000000962742055412651,
  "Day_Fluctuation": 0.028378230370046588,
  "Week": 0.000000000000962742055412651,
  "Week_Fluctuation": 0.028378230370046477,
  "Duration": "00:21:27.3959577",
  "Updated": "2018-04-28T14:37:11.7069751Z"
}
