{
  "Live": 0.00000000000015,
  "Minute": 0.00000000000015,
  "Minute_Fluctuation": 0.0,
  "Minute_5": 0.000000000000163893195395712,
  "Minute_5_Fluctuation": 0.18276361806230118,
  "Minute_10": 0.000000000000192295521515437,
  "Minute_10_Fluctuation": 0.2170571425413878,
  "Hour": 0.000000000000209996435271901,
  "Hour_Fluctuation": 0.19392281902834779,
  "Day": 0.000000000000209996435271901,
  "Day_Fluctuation": 0.19392281902834782,
  "Week": 0.000000000000209996435271901,
  "Week_Fluctuation": 0.19392281902834779,
  "Duration": "00:21:27.3959577",
  "Updated": "2018-04-28T14:14:32.1782918Z"
}
