{
  "Live": 0.00000000000083075,
  "Minute": 0.00000000000083075,
  "Minute_Fluctuation": 0.0,
  "Minute_5": 0.000000000000852357877792197,
  "Minute_5_Fluctuation": 0.039570557591330748,
  "Minute_10": 0.000000000000874141955432897,
  "Minute_10_Fluctuation": 0.02943416334560086,
  "Hour": 0.000000000000886794608165073,
  "Hour_Fluctuation": 0.019056403186388744,
  "Day": 0.000000000000886794608165073,
  "Day_Fluctuation": 0.019056403186388744,
  "Week": 0.000000000000886794608165073,
  "Week_Fluctuation": 0.019056403186388744,
  "Duration": "00:21:27.3959577",
  "Updated": "2018-04-28T14:08:15.8048968Z"
}
