{
  "Live": 0.00000000000035,
  "Minute": 0.00000000000035,
  "Minute_Fluctuation": 0.16666666666666663,
  "Minute_5": 0.000000000000358469319785433,
  "Minute_5_Fluctuation": 0.20076626218001289,
  "Minute_10": 0.000000000000370974369722129,
  "Minute_10_Fluctuation": 0.17170726234051076,
  "Hour": 0.000000000000376974639363096,
  "Hour_Fluctuation": 0.14844817801477722,
  "Day": 0.000000000000376974639363096,
  "Day_Fluctuation": 0.14844817801477719,
  "Week": 0.000000000000376974639363096,
  "Week_Fluctuation": 0.14844817801477717,
  "Duration": "00:21:27.3959577",
  "Updated": "2018-04-28T14:36:32.0232788Z"
}
