{
  "Live": 0.00000000000326,
  "Minute": 0.00000000000326,
  "Minute_Fluctuation": 0.13986013986013984,
  "Minute_5": 0.00000000000283041379706142,
  "Minute_5_Fluctuation": 0.19185241174599435,
  "Minute_10": 0.00000000000291285137140163,
  "Minute_10_Fluctuation": 0.20566110079678887,
  "Hour": 0.00000000000296423302296132,
  "Hour_Fluctuation": 0.25820601348395772,
  "Day": 0.00000000000296423302296132,
  "Day_Fluctuation": 0.25820601348395766,
  "Week": 0.00000000000296423302296132,
  "Week_Fluctuation": 0.25820601348395766,
  "Duration": "00:21:27.3959577",
  "Updated": "2018-04-28T14:37:23.5384966Z"
}
