{
  "Live": 0.00000000000013923,
  "Minute": 0.00000000000013923,
  "Minute_Fluctuation": 0.0048602673147023307,
  "Minute_5": 0.0000000000001457150230145,
  "Minute_5_Fluctuation": 0.0657999486094501,
  "Minute_10": 0.000000000000151776322424026,
  "Minute_10_Fluctuation": 0.050232730475857315,
  "Hour": 0.000000000000157401685923104,
  "Hour_Fluctuation": 0.013156597054386921,
  "Day": 0.000000000000158209519151383,
  "Day_Fluctuation": 0.00061286779692838614,
  "Week": 0.000000000000158210112079649,
  "Week_Fluctuation": 0.00060724038328569918,
  "Duration": "1.00:20:21.0970095",
  "Updated": "2018-04-28T14:35:49.6953033Z"
}
