{
  "Live": 0.00000000000002765,
  "Minute": 0.00000000000002765,
  "Minute_Fluctuation": 0.23769024171888994,
  "Minute_5": 0.0000000000000267428935545165,
  "Minute_5_Fluctuation": 0.32665196900679294,
  "Minute_10": 0.000000000000025013592188814,
  "Minute_10_Fluctuation": 0.45637646547571631,
  "Hour": 0.0000000000000238764498508679,
  "Hour_Fluctuation": 0.50859730158771554,
  "Day": 0.0000000000000238764498508679,
  "Day_Fluctuation": 0.50859730158771554,
  "Week": 0.0000000000000238764498508679,
  "Week_Fluctuation": 0.50859730158771554,
  "Duration": "00:21:27.3959577",
  "Updated": "2018-04-28T14:37:10.1904063Z"
}
