{
  "Live": 0.00000000000042,
  "Minute": 0.00000000000042,
  "Minute_Fluctuation": 1.4705882352941178,
  "Minute_5": 0.00000000000035976682694569,
  "Minute_5_Fluctuation": 0.563590924134147,
  "Minute_10": 0.000000000000385098615391723,
  "Minute_10_Fluctuation": 0.48155464532970288,
  "Hour": 0.000000000000396165289302702,
  "Hour_Fluctuation": 0.44943607741831992,
  "Day": 0.000000000000396165289302702,
  "Day_Fluctuation": 0.44943607741831992,
  "Week": 0.000000000000396165289302702,
  "Week_Fluctuation": 0.44943607741831992,
  "Duration": "00:21:27.3959577",
  "Updated": "2018-04-28T14:36:48.5166746Z"
}
