{
  "Live": 0.00000000000044738,
  "Minute": 0.00000000000044738,
  "Minute_Fluctuation": 0.010352608060876844,
  "Minute_5": 0.000000000000561492951793757,
  "Minute_5_Fluctuation": 0.26684194565782582,
  "Minute_10": 0.00000000000065313235744908,
  "Minute_10_Fluctuation": 0.20689972660698194,
  "Hour": 0.000000000000705565211636854,
  "Hour_Fluctuation": 0.15467397035667294,
  "Day": 0.000000000000705565211636854,
  "Day_Fluctuation": 0.15467397035667294,
  "Week": 0.000000000000705565211636854,
  "Week_Fluctuation": 0.15467397035667294,
  "Duration": "00:21:27.3959577",
  "Updated": "2018-04-28T14:37:17.587979Z"
}
