{
  "Live": 0.00000000000067921,
  "Minute": 0.00000000000067921,
  "Minute_Fluctuation": 0.0,
  "Minute_5": 0.000000000000606506720665724,
  "Minute_5_Fluctuation": 0.308077768980894,
  "Minute_10": 0.000000000000588600064108423,
  "Minute_10_Fluctuation": 0.26417409824777122,
  "Hour": 0.000000000000578533263372338,
  "Hour_Fluctuation": 0.26084729706079141,
  "Day": 0.000000000000578533263372338,
  "Day_Fluctuation": 0.26084729706079135,
  "Week": 0.000000000000578533263372338,
  "Week_Fluctuation": 0.26084729706079135,
  "Duration": "00:21:27.3959577",
  "Updated": "2018-04-28T14:08:18.889552Z"
}
