{
  "Live": 0.00000000000001152,
  "Minute": 0.00000000000001152,
  "Minute_Fluctuation": 1.3695501826753678E-16,
  "Minute_5": 0.0000000000000123516275296208,
  "Minute_5_Fluctuation": 0.099145454044253567,
  "Minute_10": 0.0000000000000131900365047006,
  "Minute_10_Fluctuation": 0.072522372907487337,
  "Hour": 0.0000000000000136770021584313,
  "Hour_Fluctuation": 0.046582866126462855,
  "Day": 0.0000000000000136770021584313,
  "Day_Fluctuation": 0.046582866126462855,
  "Week": 0.0000000000000136770021584313,
  "Week_Fluctuation": 0.046582866126462855,
  "Duration": "00:21:27.3959577",
  "Updated": "2018-04-28T14:08:17.2201546Z"
}
