{
  "Live": 0.00000000000002478,
  "Minute": 0.00000000000002478,
  "Minute_Fluctuation": 0.15578358208955215,
  "Minute_5": 0.0000000000000225298059935906,
  "Minute_5_Fluctuation": 0.10709042806665611,
  "Minute_10": 0.0000000000000218769749919294,
  "Minute_10_Fluctuation": 0.12746158554652323,
  "Hour": 0.0000000000000214304539484973,
  "Hour_Fluctuation": 0.15106512210832782,
  "Day": 0.0000000000000214304539484973,
  "Day_Fluctuation": 0.15106512210832779,
  "Week": 0.0000000000000214304539484973,
  "Week_Fluctuation": 0.15106512210832779,
  "Duration": "00:21:27.3959577",
  "Updated": "2018-04-28T14:37:20.6188635Z"
}
