{
  "Live": 0.00000000000001033,
  "Minute": 0.00000000000001033,
  "Minute_Fluctuation": 0.24653537563822031,
  "Minute_5": 0.0000000000000133997975505164,
  "Minute_5_Fluctuation": 0.20637660139315703,
  "Minute_10": 0.0000000000000168627508675416,
  "Minute_10_Fluctuation": 0.27887276595012195,
  "Hour": 0.000000000000018944649482427,
  "Hour_Fluctuation": 0.25221778485893703,
  "Day": 0.000000000000018944649482427,
  "Day_Fluctuation": 0.25221778485893703,
  "Week": 0.000000000000018944649482427,
  "Week_Fluctuation": 0.25221778485893703,
  "Duration": "00:21:27.3959577",
  "Updated": "2018-04-28T14:37:19.2914238Z"
}
