{
  "Live": 0.00000000000007874,
  "Minute": 0.00000000000007874,
  "Minute_Fluctuation": 0.081296347157374368,
  "Minute_5": 0.0000000000000891787540793274,
  "Minute_5_Fluctuation": 0.35456108662041025,
  "Minute_10": 0.0000000000000888411038680842,
  "Minute_10_Fluctuation": 0.30402240205601178,
  "Hour": 0.000000000000087702088022492,
  "Hour_Fluctuation": 0.27110056487273743,
  "Day": 0.000000000000087702088022492,
  "Day_Fluctuation": 0.27110056487273737,
  "Week": 0.000000000000087702088022492,
  "Week_Fluctuation": 0.27110056487273737,
  "Duration": "00:21:27.3959577",
  "Updated": "2018-04-28T14:36:55.6416122Z"
}
