{
  "Live": 0.00000000000002064,
  "Minute": 0.00000000000002064,
  "Minute_Fluctuation": 0.19090552724421805,
  "Minute_5": 0.0000000000000226922201809056,
  "Minute_5_Fluctuation": 0.17200180976958679,
  "Minute_10": 0.0000000000000225023902392219,
  "Minute_10_Fluctuation": 0.17779538379763143,
  "Hour": 0.0000000000000224050502191855,
  "Hour_Fluctuation": 0.187737450459665,
  "Day": 0.0000000000000224050502191855,
  "Day_Fluctuation": 0.187737450459665,
  "Week": 0.0000000000000224050502191855,
  "Week_Fluctuation": 0.187737450459665,
  "Duration": "00:21:27.3959577",
  "Updated": "2018-04-28T14:37:15.8513511Z"
}
