{
  "Live": 0.00000000000019,
  "Minute": 0.00000000000019,
  "Minute_Fluctuation": 0.80612244897959184,
  "Minute_5": 0.000000000000646818603636654,
  "Minute_5_Fluctuation": 0.43897953047231614,
  "Minute_10": 0.000000000000704735481023258,
  "Minute_10_Fluctuation": 0.3308067193176798,
  "Hour": 0.000000000000732004002794023,
  "Hour_Fluctuation": 0.29703241702965993,
  "Day": 0.000000000000732004002794023,
  "Day_Fluctuation": 0.29703241702965988,
  "Week": 0.000000000000732004002794023,
  "Week_Fluctuation": 0.29703241702965988,
  "Duration": "00:21:27.3959577",
  "Updated": "2018-04-28T14:37:29.195842Z"
}
