{
  "Live": 0.00000000000018548,
  "Minute": 0.00000000000018548,
  "Minute_Fluctuation": 0.76311787072243331,
  "Minute_5": 0.0000000000001389052148064,
  "Minute_5_Fluctuation": 0.40808129815352,
  "Minute_10": 0.000000000000142942614602325,
  "Minute_10_Fluctuation": 0.29396344385926526,
  "Hour": 0.000000000000160326528680507,
  "Hour_Fluctuation": 0.0809659453675987,
  "Day": 0.000000000000167630594230398,
  "Day_Fluctuation": 0.0038051527571196096,
  "Week": 0.000000000000167632776070834,
  "Week_Fluctuation": 0.0037799068628409428,
  "Duration": "1.00:20:21.0970095",
  "Updated": "2018-04-28T14:35:59.8791669Z"
}
