{
  "Live": 0.00000000000007,
  "Minute": 0.00000000000007,
  "Minute_Fluctuation": 1.8031106405051698E-16,
  "Minute_5": 0.00000000000007,
  "Minute_5_Fluctuation": 1.8025745177270383E-16,
  "Minute_10": 0.00000000000007,
  "Minute_10_Fluctuation": 1.7992441549463814E-16,
  "Hour": 0.00000000000007,
  "Hour_Fluctuation": 1.797318216440732E-16,
  "Day": 0.00000000000007,
  "Day_Fluctuation": 1.797318216440732E-16,
  "Week": 0.00000000000007,
  "Week_Fluctuation": 1.797318216440732E-16,
  "Duration": "00:21:27.3959577",
  "Updated": "2018-04-27T10:54:52.7941229Z"
}
