{
  "Live": 0.00000000000006715,
  "Minute": 0.00000000000006715,
  "Minute_Fluctuation": 0.2149871405190554,
  "Minute_5": 0.0000000000000831444800825296,
  "Minute_5_Fluctuation": 0.28171701513205821,
  "Minute_10": 0.0000000000000933532394103429,
  "Minute_10_Fluctuation": 0.305467284328969,
  "Hour": 0.0000000000000992037597470786,
  "Hour_Fluctuation": 0.30277375463537176,
  "Day": 0.0000000000000992037597470786,
  "Day_Fluctuation": 0.30277375463537165,
  "Week": 0.0000000000000992037597470786,
  "Week_Fluctuation": 0.30277375463537165,
  "Duration": "00:21:27.3959577",
  "Updated": "2018-04-28T14:36:32.6572788Z"
}
