{
  "Live": 0.00000000000006793,
  "Minute": 0.00000000000006793,
  "Minute_Fluctuation": 46.838028169014095,
  "Minute_5": 0.0000000000000192600937539077,
  "Minute_5_Fluctuation": 12.692227504317774,
  "Minute_10": 0.0000000000000103365973464547,
  "Minute_10_Fluctuation": 6.3398923158749714,
  "Hour": 0.0000000000000058505849301267,
  "Hour_Fluctuation": 3.1548407189135275,
  "Day": 0.0000000000000058505849301267,
  "Day_Fluctuation": 3.1548407189135279,
  "Week": 0.0000000000000058505849301267,
  "Week_Fluctuation": 3.1548407189135275,
  "Duration": "00:21:27.3959577",
  "Updated": "2018-04-28T14:36:38.2297563Z"
}
