{
  "Live": 0.00000000001314,
  "Minute": 0.00000000001314,
  "Minute_Fluctuation": 0.024960998439937616,
  "Minute_5": 0.0000000000131818240419856,
  "Minute_5_Fluctuation": 0.029751274441336503,
  "Minute_10": 0.0000000000132002355609076,
  "Minute_10_Fluctuation": 0.038138129996167822,
  "Hour": 0.0000000000132106302579509,
  "Hour_Fluctuation": 0.044237255159133605,
  "Day": 0.0000000000132106302579509,
  "Day_Fluctuation": 0.0442372551591336,
  "Week": 0.0000000000132106302579509,
  "Week_Fluctuation": 0.0442372551591336,
  "Duration": "00:21:27.3959577",
  "Updated": "2018-04-28T14:36:38.8081372Z"
}
