{
  "Live": 0.00000000000001027,
  "Minute": 0.00000000000001027,
  "Minute_Fluctuation": 0.00097276264591437435,
  "Minute_5": 0.0000000000000094502551345519,
  "Minute_5_Fluctuation": 0.34222306290206334,
  "Minute_10": 0.0000000000000089310289618199,
  "Minute_10_Fluctuation": 0.41038546544703713,
  "Hour": 0.0000000000000087240075372514,
  "Hour_Fluctuation": 0.4578546191427017,
  "Day": 0.0000000000000087240075372514,
  "Day_Fluctuation": 0.4578546191427017,
  "Week": 0.0000000000000087240075372514,
  "Week_Fluctuation": 0.4578546191427017,
  "Duration": "00:21:27.3959577",
  "Updated": "2018-04-28T14:37:25.6690195Z"
}
