{
  "Live": 0.00000000000032,
  "Minute": 0.00000000000032,
  "Minute_Fluctuation": 0.2727272727272726,
  "Minute_5": 0.000000000000346545431243383,
  "Minute_5_Fluctuation": 0.43555784330431041,
  "Minute_10": 0.000000000000277749462271972,
  "Minute_10_Fluctuation": 0.72047513449619993,
  "Hour": 0.000000000000237312504827472,
  "Hour_Fluctuation": 0.78472711429309316,
  "Day": 0.000000000000237312504827472,
  "Day_Fluctuation": 0.784727114293093,
  "Week": 0.000000000000237312504827472,
  "Week_Fluctuation": 0.78472711429309294,
  "Duration": "00:21:27.3959577",
  "Updated": "2018-04-28T14:36:34.2249264Z"
}
