{
  "Live": 0.00000000000012038,
  "Minute": 0.00000000000012038,
  "Minute_Fluctuation": 0.16489767603191111,
  "Minute_5": 0.000000000000128653673372153,
  "Minute_5_Fluctuation": 0.13903735102428663,
  "Minute_10": 0.00000000000012189347577434,
  "Minute_10_Fluctuation": 0.11445032259738849,
  "Hour": 0.000000000000117518404734184,
  "Hour_Fluctuation": 0.10339934045472399,
  "Day": 0.000000000000117518404734184,
  "Day_Fluctuation": 0.10339934045472399,
  "Week": 0.000000000000117518404734184,
  "Week_Fluctuation": 0.10339934045472399,
  "Duration": "00:21:27.3959577",
  "Updated": "2018-04-28T14:36:46.1319063Z"
}
