{
  "Live": 0.00000000000012194,
  "Minute": 0.00000000000012194,
  "Minute_Fluctuation": 0.01684456304202802,
  "Minute_5": 0.00000000000012561546911142,
  "Minute_5_Fluctuation": 0.089779399721118813,
  "Minute_10": 0.000000000000135867983217649,
  "Minute_10_Fluctuation": 0.10360239899198879,
  "Hour": 0.000000000000142221202852084,
  "Hour_Fluctuation": 0.085241105823582713,
  "Day": 0.000000000000142221202852084,
  "Day_Fluctuation": 0.085241105823582713,
  "Week": 0.000000000000142221202852084,
  "Week_Fluctuation": 0.085241105823582713,
  "Duration": "00:21:27.3959577",
  "Updated": "2018-04-28T14:37:11.4406012Z"
}
