{
  "Live": 0.0000000000008775,
  "Minute": 0.0000000000008775,
  "Minute_Fluctuation": 0.010509460769942046,
  "Minute_5": 0.000000000000885910087369434,
  "Minute_5_Fluctuation": 0.020319571969510376,
  "Minute_10": 0.000000000000888221746518821,
  "Minute_10_Fluctuation": 0.014805667633313757,
  "Hour": 0.000000000000889233405737528,
  "Hour_Fluctuation": 0.014447085518560384,
  "Day": 0.000000000000889233405737528,
  "Day_Fluctuation": 0.014447085518560453,
  "Week": 0.000000000000889233405737528,
  "Week_Fluctuation": 0.014447085518560382,
  "Duration": "00:16:32.1729603",
  "Updated": "2018-04-27T11:42:29.8559684Z"
}
