{
  "Live": 0.00000000000005764,
  "Minute": 0.00000000000005764,
  "Minute_Fluctuation": 0.4232098765432098,
  "Minute_5": 0.0000000000000667994715744749,
  "Minute_5_Fluctuation": 0.37374592439348908,
  "Minute_10": 0.0000000000000776300995703326,
  "Minute_10_Fluctuation": 0.38234134858856578,
  "Hour": 0.0000000000000839660173357502,
  "Hour_Fluctuation": 0.3571012813703569,
  "Day": 0.0000000000000839660173357502,
  "Day_Fluctuation": 0.35710128137035685,
  "Week": 0.0000000000000839660173357502,
  "Week_Fluctuation": 0.35710128137035679,
  "Duration": "00:21:27.3959577",
  "Updated": "2018-04-28T14:37:15.4699091Z"
}
