{
  "Live": 0.00000000000001774,
  "Minute": 0.00000000000001774,
  "Minute_Fluctuation": 0.19728506787330316,
  "Minute_5": 0.0000000000000194033414046401,
  "Minute_5_Fluctuation": 0.1638918771393621,
  "Minute_10": 0.0000000000000198108083738733,
  "Minute_10_Fluctuation": 0.12841373374645376,
  "Hour": 0.0000000000000201495654506947,
  "Hour_Fluctuation": 0.11860279696913933,
  "Day": 0.0000000000000201495654506947,
  "Day_Fluctuation": 0.11860279696913932,
  "Week": 0.0000000000000201495654506947,
  "Week_Fluctuation": 0.11860279696913932,
  "Duration": "00:21:27.3959577",
  "Updated": "2018-04-28T14:37:39.7121202Z"
}
