{
  "Live": 0.0000000000001053,
  "Minute": 0.0000000000001053,
  "Minute_Fluctuation": 0.019735617203500234,
  "Minute_5": 0.000000000000107077329136778,
  "Minute_5_Fluctuation": 0.012594892531744735,
  "Minute_10": 0.000000000000107400117286019,
  "Minute_10_Fluctuation": 0.011548477985090951,
  "Hour": 0.000000000000107563622179739,
  "Hour_Fluctuation": 0.011691193409469081,
  "Day": 0.000000000000107563622179739,
  "Day_Fluctuation": 0.011691193409469081,
  "Week": 0.000000000000107563622179739,
  "Week_Fluctuation": 0.011691193409469083,
  "Duration": "00:21:27.3959577",
  "Updated": "2018-04-28T14:37:20.1870902Z"
}
