{
  "Live": 0.00000000000002343,
  "Minute": 0.00000000000002343,
  "Minute_Fluctuation": 0.40467625899280568,
  "Minute_5": 0.0000000000000179204982739312,
  "Minute_5_Fluctuation": 0.29492956956845007,
  "Minute_10": 0.0000000000000172836654869502,
  "Minute_10_Fluctuation": 0.24181648103660988,
  "Hour": 0.0000000000000169608089250766,
  "Hour_Fluctuation": 0.22907640858701908,
  "Day": 0.0000000000000169608089250766,
  "Day_Fluctuation": 0.22907640858701908,
  "Week": 0.0000000000000169608089250766,
  "Week_Fluctuation": 0.22907640858701908,
  "Duration": "00:21:27.3959577",
  "Updated": "2018-04-28T14:37:12.9685205Z"
}
