{
  "Live": 0.00000000000337,
  "Minute": 0.00000000000337,
  "Minute_Fluctuation": 0.0,
  "Minute_5": 0.00000000000338860803828395,
  "Minute_5_Fluctuation": 0.0095642427986874379,
  "Minute_10": 0.000000000003409149349988,
  "Minute_10_Fluctuation": 0.0084980387111285912,
  "Hour": 0.00000000000342120592578303,
  "Hour_Fluctuation": 0.0066131806992631922,
  "Day": 0.00000000000342120592578303,
  "Day_Fluctuation": 0.006613180699263194,
  "Week": 0.00000000000342120592578303,
  "Week_Fluctuation": 0.0066131806992631922,
  "Duration": "00:21:27.3959577",
  "Updated": "2018-04-28T14:08:19.5622522Z"
}
