{
  "Live": 0.00000000000331,
  "Minute": 0.00000000000331,
  "Minute_Fluctuation": 0.14137931034482745,
  "Minute_5": 0.00000000000291086257629283,
  "Minute_5_Fluctuation": 0.19796588461253187,
  "Minute_10": 0.00000000000269247100563011,
  "Minute_10_Fluctuation": 0.19029794540688263,
  "Hour": 0.00000000000255295633966228,
  "Hour_Fluctuation": 0.15892310133986576,
  "Day": 0.00000000000255295633966228,
  "Day_Fluctuation": 0.15892310133986576,
  "Week": 0.00000000000255295633966228,
  "Week_Fluctuation": 0.15892310133986576,
  "Duration": "00:21:27.3959577",
  "Updated": "2018-04-28T14:36:30.9089465Z"
}
