{
  "Live": 0.00000000000005,
  "Minute": 0.00000000000005,
  "Minute_Fluctuation": 0.58333333333333326,
  "Minute_5": 0.0000000000000883889002342244,
  "Minute_5_Fluctuation": 0.31751805486077278,
  "Minute_10": 0.0000000000000908033252926694,
  "Minute_10_Fluctuation": 0.19856353937875262,
  "Hour": 0.0000000000000920053569088677,
  "Hour_Fluctuation": 0.14939359633816476,
  "Day": 0.0000000000000920053569088677,
  "Day_Fluctuation": 0.14939359633816479,
  "Week": 0.0000000000000920053569088677,
  "Week_Fluctuation": 0.14939359633816476,
  "Duration": "00:21:27.3959577",
  "Updated": "2018-04-28T14:36:39.3089189Z"
}
