{
  "Live": 0.00000000000010,
  "Minute": 0.00000000000010,
  "Minute_Fluctuation": 0.16666666666666671,
  "Minute_5": 0.000000000000120608923996687,
  "Minute_5_Fluctuation": 0.13612556326019287,
  "Minute_10": 0.000000000000131419786264356,
  "Minute_10_Fluctuation": 0.14233196670119969,
  "Hour": 0.000000000000147033490943308,
  "Hour_Fluctuation": 0.051975651436822132,
  "Day": 0.000000000000149888556199468,
  "Day_Fluctuation": 0.0025439857286012292,
  "Week": 0.000000000000149890579114667,
  "Week_Fluctuation": 0.0025278146343274879,
  "Duration": "1.00:20:21.0970095",
  "Updated": "2018-04-28T14:36:01.6766369Z"
}
