{
  "Live": 0.00000000000942,
  "Minute": 0.00000000000942,
  "Minute_Fluctuation": 0.353021978021978,
  "Minute_5": 0.000000000012826114585915,
  "Minute_5_Fluctuation": 0.13821955487094251,
  "Minute_10": 0.0000000000128848238639595,
  "Minute_10_Fluctuation": 0.11886958276112639,
  "Hour": 0.0000000000128551209503104,
  "Hour_Fluctuation": 0.10087278342476938,
  "Day": 0.0000000000128551209503104,
  "Day_Fluctuation": 0.10087278342476939,
  "Week": 0.0000000000128551209503104,
  "Week_Fluctuation": 0.10087278342476938,
  "Duration": "00:21:27.3959577",
  "Updated": "2018-04-28T14:37:19.6130864Z"
}
