{
  "Live": 0.00000000000002135,
  "Minute": 0.00000000000002135,
  "Minute_Fluctuation": 0.16536356528537913,
  "Minute_5": 0.0000000000000220916162513521,
  "Minute_5_Fluctuation": 0.15995629773689418,
  "Minute_10": 0.0000000000000214429261721019,
  "Minute_10_Fluctuation": 0.11034525297805445,
  "Hour": 0.0000000000000214802413563744,
  "Hour_Fluctuation": 0.031308199425164308,
  "Day": 0.0000000000000215846726569345,
  "Day_Fluctuation": 0.0014718841282525123,
  "Week": 0.000000000000021584708334578,
  "Week_Fluctuation": 0.0014614205654803986,
  "Duration": "1.00:20:21.0970095",
  "Updated": "2018-04-28T14:35:43.6654935Z"
}
