{
  "Live": 0.0000000000003,
  "Minute": 0.0000000000003,
  "Minute_Fluctuation": 0.090909090909090981,
  "Minute_5": 0.000000000000282586547786066,
  "Minute_5_Fluctuation": 0.21510181683462543,
  "Minute_10": 0.000000000000251100547975881,
  "Minute_10_Fluctuation": 0.18140641452006109,
  "Hour": 0.000000000000233456586366291,
  "Hour_Fluctuation": 0.13219689550577723,
  "Day": 0.000000000000233456586366291,
  "Day_Fluctuation": 0.13219689550577723,
  "Week": 0.000000000000233456586366291,
  "Week_Fluctuation": 0.13219689550577721,
  "Duration": "00:21:27.3959577",
  "Updated": "2018-04-28T14:36:36.2877032Z"
}
