{
  "Live": 0.00000000000021,
  "Minute": 0.00000000000021,
  "Minute_Fluctuation": 0.23529411764705885,
  "Minute_5": 0.000000000000167405287915612,
  "Minute_5_Fluctuation": 0.24662323149590074,
  "Minute_10": 0.000000000000150505170939473,
  "Minute_10_Fluctuation": 0.18115893567366353,
  "Hour": 0.000000000000141204593733908,
  "Hour_Fluctuation": 0.1363091222499983,
  "Day": 0.000000000000141204593733908,
  "Day_Fluctuation": 0.1363091222499983,
  "Week": 0.000000000000141204593733908,
  "Week_Fluctuation": 0.1363091222499983,
  "Duration": "00:21:27.3959577",
  "Updated": "2018-04-28T14:37:35.887063Z"
}
