{
  "Live": 0.00000000000142,
  "Minute": 0.00000000000142,
  "Minute_Fluctuation": 0.61517615176151763,
  "Minute_5": 0.000000000002566624673042,
  "Minute_5_Fluctuation": 0.39669109438827782,
  "Minute_10": 0.00000000000240942737161024,
  "Minute_10_Fluctuation": 0.24121836936614607,
  "Hour": 0.00000000000230195337240366,
  "Hour_Fluctuation": 0.14739867210513291,
  "Day": 0.00000000000230195337240366,
  "Day_Fluctuation": 0.14739867210513294,
  "Week": 0.00000000000230195337240366,
  "Week_Fluctuation": 0.14739867210513291,
  "Duration": "00:21:27.3959577",
  "Updated": "2018-04-28T14:37:35.5723665Z"
}
