{
  "Live": 0.00000000002281,
  "Minute": 0.00000000002281,
  "Minute_Fluctuation": 0.0,
  "Minute_5": 0.0000000000214355044996544,
  "Minute_5_Fluctuation": 0.11547014915381373,
  "Minute_10": 0.0000000000200498007769533,
  "Minute_10_Fluctuation": 0.089473735219828029,
  "Hour": 0.0000000000192449547659261,
  "Hour_Fluctuation": 0.0591417507967593,
  "Day": 0.0000000000192449547659261,
  "Day_Fluctuation": 0.059141750796759304,
  "Week": 0.0000000000192449547659261,
  "Week_Fluctuation": 0.0591417507967593,
  "Duration": "00:21:27.3959577",
  "Updated": "2018-04-28T14:08:18.4631905Z"
}
