{
  "Live": 0.00000000000000916,
  "Minute": 0.00000000000000916,
  "Minute_Fluctuation": 0.079396984924623173,
  "Minute_5": 0.0000000000000089792804354354,
  "Minute_5_Fluctuation": 0.18997513471527952,
  "Minute_10": 0.0000000000000084513915864097,
  "Minute_10_Fluctuation": 0.19886074956209446,
  "Hour": 0.0000000000000081068299003876,
  "Hour_Fluctuation": 0.185638967999957,
  "Day": 0.0000000000000081068299003876,
  "Day_Fluctuation": 0.185638967999957,
  "Week": 0.0000000000000081068299003876,
  "Week_Fluctuation": 0.185638967999957,
  "Duration": "00:21:27.3959577",
  "Updated": "2018-04-28T14:36:54.7082296Z"
}
