{
  "Live": 0.00000000000273,
  "Minute": 0.00000000000273,
  "Minute_Fluctuation": 0.65454545454545443,
  "Minute_5": 0.00000000000216346566794111,
  "Minute_5_Fluctuation": 0.26115750186605435,
  "Minute_10": 0.00000000000229855611602509,
  "Minute_10_Fluctuation": 0.17885259912443163,
  "Hour": 0.00000000000239159416144392,
  "Hour_Fluctuation": 0.14211588486346646,
  "Day": 0.00000000000239159416144392,
  "Day_Fluctuation": 0.14211588486346644,
  "Week": 0.00000000000239159416144392,
  "Week_Fluctuation": 0.14211588486346644,
  "Duration": "00:21:27.3959577",
  "Updated": "2018-04-28T14:37:12.6956565Z"
}
