{
  "Live": 0.00000000000261,
  "Minute": 0.00000000000261,
  "Minute_Fluctuation": 0.5714285714285714,
  "Minute_5": 0.0000000000047448986270796,
  "Minute_5_Fluctuation": 0.526040420655084,
  "Minute_10": 0.00000000000465413855019312,
  "Minute_10_Fluctuation": 0.46255428573622431,
  "Hour": 0.00000000000531148200542459,
  "Hour_Fluctuation": 0.12130421880977814,
  "Day": 0.00000000000575655420249282,
  "Day_Fluctuation": 0.0057327183940279738,
  "Week": 0.00000000000575668375426218,
  "Week_Fluctuation": 0.00569762455212219,
  "Duration": "1.00:20:21.0970095",
  "Updated": "2018-04-28T14:36:13.5868828Z"
}
