{
  "Live": 0.00000000000002031,
  "Minute": 0.00000000000002031,
  "Minute_Fluctuation": 0.17839805825242719,
  "Minute_5": 0.0000000000000212412619714268,
  "Minute_5_Fluctuation": 0.16666137800719327,
  "Minute_10": 0.0000000000000206817651737084,
  "Minute_10_Fluctuation": 0.1213741147215199,
  "Hour": 0.000000000000020404487026504,
  "Hour_Fluctuation": 0.1095401292423224,
  "Day": 0.000000000000020404487026504,
  "Day_Fluctuation": 0.1095401292423224,
  "Week": 0.000000000000020404487026504,
  "Week_Fluctuation": 0.10954012924232243,
  "Duration": "00:21:27.3959577",
  "Updated": "2018-04-28T14:37:36.9988086Z"
}
