{
  "Live": 0.00000000000109624,
  "Minute": 0.00000000000109624,
  "Minute_Fluctuation": 0.090655842088506966,
  "Minute_5": 0.00000000000106978153336157,
  "Minute_5_Fluctuation": 0.13804424302703325,
  "Minute_10": 0.00000000000106996079597343,
  "Minute_10_Fluctuation": 0.1395718768760329,
  "Hour": 0.00000000000106718270103575,
  "Hour_Fluctuation": 0.1490890713901569,
  "Day": 0.00000000000106718270103575,
  "Day_Fluctuation": 0.1490890713901569,
  "Week": 0.00000000000106718270103575,
  "Week_Fluctuation": 0.1490890713901569,
  "Duration": "00:21:27.3959577",
  "Updated": "2018-04-28T14:37:32.4590536Z"
}
