{
  "Live": 0.00000000000434,
  "Minute": 0.00000000000434,
  "Minute_Fluctuation": 0.13717693836978123,
  "Minute_5": 0.00000000000529482128159696,
  "Minute_5_Fluctuation": 0.17573828710053063,
  "Minute_10": 0.00000000000601571035619951,
  "Minute_10_Fluctuation": 0.15450889707412852,
  "Hour": 0.00000000000644111988344887,
  "Hour_Fluctuation": 0.1203426108472425,
  "Day": 0.00000000000644111988344887,
  "Day_Fluctuation": 0.12034261084724249,
  "Week": 0.00000000000644111988344887,
  "Week_Fluctuation": 0.12034261084724247,
  "Duration": "00:21:27.3959577",
  "Updated": "2018-04-28T14:36:50.4654798Z"
}
