{
  "Live": 0.00000000000004837,
  "Minute": 0.00000000000004837,
  "Minute_Fluctuation": 0.40766593191280914,
  "Minute_5": 0.0000000000000884725023605046,
  "Minute_5_Fluctuation": 0.32276745605764656,
  "Minute_10": 0.000000000000101726118844872,
  "Minute_10_Fluctuation": 0.31902012594854134,
  "Hour": 0.00000000000010892366156672,
  "Hour_Fluctuation": 0.31284282554782505,
  "Day": 0.00000000000010892366156672,
  "Day_Fluctuation": 0.31284282554782505,
  "Week": 0.00000000000010892366156672,
  "Week_Fluctuation": 0.31284282554782505,
  "Duration": "00:21:27.3959577",
  "Updated": "2018-04-28T14:37:22.3191207Z"
}
