{
  "Live": 0.00000000001522,
  "Minute": 0.00000000001522,
  "Minute_Fluctuation": 0.0,
  "Minute_5": 0.0000000000167355085556385,
  "Minute_5_Fluctuation": 0.13078731000022545,
  "Minute_10": 0.0000000000181807606314773,
  "Minute_10_Fluctuation": 0.10042779246092487,
  "Hour": 0.0000000000194517693821564,
  "Hour_Fluctuation": 0.026419460765985323,
  "Day": 0.0000000000196142276425259,
  "Day_Fluctuation": 0.0012349497353913933,
  "Week": 0.0000000000196143582003712,
  "Week_Fluctuation": 0.0012238115126156546,
  "Duration": "1.00:20:21.0970095",
  "Updated": "2018-04-28T14:08:14.4492289Z"
}
