{
  "Live": 0.00000000000000259,
  "Minute": 0.00000000000000259,
  "Minute_Fluctuation": 0.1614349775784753,
  "Minute_5": 0.0000000000000020139452369802,
  "Minute_5_Fluctuation": 0.40119731376753814,
  "Minute_10": 0.0000000000000016419336753661,
  "Minute_10_Fluctuation": 0.39551641877289978,
  "Hour": 0.0000000000000014334903084242,
  "Hour_Fluctuation": 0.32287001517399078,
  "Day": 0.0000000000000014334903084242,
  "Day_Fluctuation": 0.32287001517399078,
  "Week": 0.0000000000000014334903084242,
  "Week_Fluctuation": 0.32287001517399072,
  "Duration": "00:21:27.3959577",
  "Updated": "2018-04-28T14:36:54.0611503Z"
}
