{
  "Live": 0.00000000000001819,
  "Minute": 0.00000000000001819,
  "Minute_Fluctuation": 0.38002726653033386,
  "Minute_5": 0.0000000000000220772984729303,
  "Minute_5_Fluctuation": 0.43977217208773395,
  "Minute_10": 0.0000000000000218934410948837,
  "Minute_10_Fluctuation": 0.3209047530035124,
  "Hour": 0.000000000000021915700938049,
  "Hour_Fluctuation": 0.29395490370121596,
  "Day": 0.000000000000021915700938049,
  "Day_Fluctuation": 0.29395490370121591,
  "Week": 0.000000000000021915700938049,
  "Week_Fluctuation": 0.29395490370121591,
  "Duration": "00:21:27.3959577",
  "Updated": "2018-04-28T14:37:14.3553942Z"
}
