{
  "Live": 0.00000000000037063,
  "Minute": 0.00000000000037063,
  "Minute_Fluctuation": 1.1573341094295693,
  "Minute_5": 0.000000000000242792140558964,
  "Minute_5_Fluctuation": 0.42912102539308056,
  "Minute_10": 0.000000000000222607371817326,
  "Minute_10_Fluctuation": 0.3070811793005272,
  "Hour": 0.00000000000021766070909628,
  "Hour_Fluctuation": 0.086828752335369949,
  "Day": 0.000000000000222114899265878,
  "Day_Fluctuation": 0.00409936517993334,
  "Week": 0.000000000000222115009002343,
  "Week_Fluctuation": 0.0040681101024155888,
  "Duration": "1.00:20:21.0970095",
  "Updated": "2018-04-28T14:36:07.4854683Z"
}
