{
  "Live": 0.0000000000001001,
  "Minute": 0.0000000000001001,
  "Minute_Fluctuation": 0.2979771784232364,
  "Minute_5": 0.0000000000000991034547807522,
  "Minute_5_Fluctuation": 0.23046444934272928,
  "Minute_10": 0.000000000000103926542883848,
  "Minute_10_Fluctuation": 0.19605676823002524,
  "Hour": 0.000000000000106440064592412,
  "Hour_Fluctuation": 0.16812932299368666,
  "Day": 0.000000000000106440064592412,
  "Day_Fluctuation": 0.16812932299368671,
  "Week": 0.000000000000106440064592412,
  "Week_Fluctuation": 0.16812932299368666,
  "Duration": "00:21:27.3959577",
  "Updated": "2018-04-28T14:36:59.257014Z"
}
