{
  "Live": 0.00000000001058,
  "Minute": 0.00000000001058,
  "Minute_Fluctuation": 1.9553072625698324,
  "Minute_5": 0.00000000000574649639796815,
  "Minute_5_Fluctuation": 0.56408494677857146,
  "Minute_10": 0.00000000000518103814783865,
  "Minute_10_Fluctuation": 0.32633456481820378,
  "Hour": 0.00000000000532373889913818,
  "Hour_Fluctuation": 0.082536350757181534,
  "Day": 0.00000000000550067409735631,
  "Day_Fluctuation": 0.0039299830210460856,
  "Week": 0.00000000000550071893141294,
  "Week_Fluctuation": 0.0038991979665230683,
  "Duration": "1.00:20:21.0970095",
  "Updated": "2018-04-28T14:35:52.8652439Z"
}
