{
  "Live": 0.00000000000005,
  "Minute": 0.00000000000005,
  "Minute_Fluctuation": 0.375,
  "Minute_5": 0.0000000000000687512038816486,
  "Minute_5_Fluctuation": 0.51563402911236489,
  "Minute_10": 0.0000000000000687512038816486,
  "Minute_10_Fluctuation": 0.51563402911236489,
  "Hour": 0.0000000000000687512038816486,
  "Hour_Fluctuation": 0.51563402911236489,
  "Day": 0.0000000000000687512038816486,
  "Day_Fluctuation": 0.51563402911236489,
  "Week": 0.0000000000000687512038816486,
  "Week_Fluctuation": 0.51563402911236489,
  "Duration": "00:04:55.2229974",
  "Updated": "2018-04-28T14:36:55.3035036Z"
}
