{
  "Live": 0.00000000001024,
  "Minute": 0.00000000001024,
  "Minute_Fluctuation": 0.033962264150943181,
  "Minute_5": 0.0000000000137785141123376,
  "Minute_5_Fluctuation": 0.27256912306147885,
  "Minute_10": 0.0000000000164668270833906,
  "Minute_10_Fluctuation": 0.25359649388810074,
  "Hour": 0.0000000000184964156616923,
  "Hour_Fluctuation": 0.094678572788879062,
  "Day": 0.0000000000191964757344079,
  "Day_Fluctuation": 0.0052871047333238087,
  "Week": 0.0000000000191969684385738,
  "Week_Fluctuation": 0.0052073401424788078,
  "Duration": "1.00:41:48.4929672",
  "Updated": "2018-04-28T14:37:01.3871666Z"
}
