{
  "Live": 0.0000000000000082,
  "Minute": 0.0000000000000082,
  "Minute_Fluctuation": 0.22714420358152679,
  "Minute_5": 0.0000000000000097558374177126,
  "Minute_5_Fluctuation": 0.14904856338878369,
  "Minute_10": 0.0000000000000094944958403646,
  "Minute_10_Fluctuation": 0.13452651816076283,
  "Hour": 0.0000000000000092519306298341,
  "Hour_Fluctuation": 0.11614708491209587,
  "Day": 0.000000000000009251930629834,
  "Day_Fluctuation": 0.11614708491209606,
  "Week": 0.0000000000000092519306298341,
  "Week_Fluctuation": 0.11614708491209584,
  "Duration": "00:21:27.3959577",
  "Updated": "2018-04-28T14:37:09.6267181Z"
}
