{
  "Live": 0.00000000000483,
  "Minute": 0.00000000000483,
  "Minute_Fluctuation": 0.725,
  "Minute_5": 0.00000000000333138002174375,
  "Minute_5_Fluctuation": 0.24238839016033256,
  "Minute_10": 0.00000000000320492507347394,
  "Minute_10_Fluctuation": 0.22995903665676209,
  "Hour": 0.00000000000315334260624121,
  "Hour_Fluctuation": 0.22116213146883865,
  "Day": 0.00000000000315334260624121,
  "Day_Fluctuation": 0.22116213146883865,
  "Week": 0.00000000000315334260624121,
  "Week_Fluctuation": 0.22116213146883865,
  "Duration": "00:21:27.3959577",
  "Updated": "2018-04-28T14:37:27.3133875Z"
}
