{
  "Live": 0.00000000001053,
  "Minute": 0.00000000001053,
  "Minute_Fluctuation": 2.5574324324324325,
  "Minute_5": 0.00000000000531406559902186,
  "Minute_5_Fluctuation": 0.6848827083873501,
  "Minute_10": 0.00000000000461450375549062,
  "Minute_10_Fluctuation": 0.36339051952264018,
  "Hour": 0.00000000000429253020692408,
  "Hour_Fluctuation": 0.2246726468170438,
  "Day": 0.00000000000429253020692408,
  "Day_Fluctuation": 0.22467264681704383,
  "Week": 0.00000000000429253020692408,
  "Week_Fluctuation": 0.2246726468170438,
  "Duration": "00:21:27.3959577",
  "Updated": "2018-04-28T14:37:37.3155219Z"
}
