{
  "Live": 0.00000000000067669,
  "Minute": 0.00000000000067669,
  "Minute_Fluctuation": 0.22907168934013833,
  "Minute_5": 0.00000000000065993833313514,
  "Minute_5_Fluctuation": 0.19080931910070317,
  "Minute_10": 0.000000000000775246293686346,
  "Minute_10_Fluctuation": 0.227398767274121,
  "Hour": 0.000000000000847408030063729,
  "Hour_Fluctuation": 0.20886181571693993,
  "Day": 0.000000000000847408030063729,
  "Day_Fluctuation": 0.20886181571693993,
  "Week": 0.000000000000847408030063729,
  "Week_Fluctuation": 0.20886181571693993,
  "Duration": "00:21:27.3959577",
  "Updated": "2018-04-28T14:36:49.1832725Z"
}
