{
  "Live": 0.00000000000044,
  "Minute": 0.00000000000044,
  "Minute_Fluctuation": 0.33333333333333343,
  "Minute_5": 0.00000000000035904355861406,
  "Minute_5_Fluctuation": 0.17468161608547006,
  "Minute_10": 0.000000000000345615385586959,
  "Minute_10_Fluctuation": 0.16618061417597124,
  "Hour": 0.000000000000356242356974908,
  "Hour_Fluctuation": 0.069845172897128757,
  "Day": 0.000000000000369276875346375,
  "Day_Fluctuation": 0.0036102436577803453,
  "Week": 0.000000000000369279086739779,
  "Week_Fluctuation": 0.0035894708674244578,
  "Duration": "1.00:20:21.0970095",
  "Updated": "2018-04-28T14:36:10.194607Z"
}
