{
  "Live": 0.00000000000035,
  "Minute": 0.00000000000035,
  "Minute_Fluctuation": 1.4999999999999996,
  "Minute_5": 0.000000000000212889772911961,
  "Minute_5_Fluctuation": 0.45046040563074063,
  "Minute_10": 0.000000000000199708088470442,
  "Minute_10_Fluctuation": 0.25604824905791562,
  "Hour": 0.00000000000019452373871898,
  "Hour_Fluctuation": 0.16412493257524885,
  "Day": 0.00000000000019452373871898,
  "Day_Fluctuation": 0.16412493257524882,
  "Week": 0.00000000000019452373871898,
  "Week_Fluctuation": 0.16412493257524879,
  "Duration": "00:21:27.3959577",
  "Updated": "2018-04-28T14:37:37.7048236Z"
}
