{
  "Live": 0.00000000000009825,
  "Minute": 0.00000000000009825,
  "Minute_Fluctuation": 0.13405605499735593,
  "Minute_5": 0.000000000000103739149051553,
  "Minute_5_Fluctuation": 0.10775207542533524,
  "Minute_10": 0.000000000000102358562668848,
  "Minute_10_Fluctuation": 0.091627227101248765,
  "Hour": 0.000000000000101240981901721,
  "Hour_Fluctuation": 0.088067493300878541,
  "Day": 0.000000000000101240981901721,
  "Day_Fluctuation": 0.088067493300878527,
  "Week": 0.000000000000101240981901721,
  "Week_Fluctuation": 0.088067493300878527,
  "Duration": "00:20:06.8868612",
  "Updated": "2018-04-28T14:14:11.2193485Z"
}
