{
  "Live": 0.0000000000001773,
  "Minute": 0.0000000000001773,
  "Minute_Fluctuation": 0.14861363047421611,
  "Minute_5": 0.000000000000164585214482855,
  "Minute_5_Fluctuation": 0.24313380501849244,
  "Minute_10": 0.000000000000151196550842363,
  "Minute_10_Fluctuation": 0.26803198752985014,
  "Hour": 0.000000000000159433817245466,
  "Hour_Fluctuation": 0.087321304851786158,
  "Day": 0.000000000000170943003411225,
  "Day_Fluctuation": 0.0044167816983439667,
  "Week": 0.000000000000170945143614638,
  "Week_Fluctuation": 0.0043966812969233613,
  "Duration": "1.00:20:21.0970095",
  "Updated": "2018-04-28T14:35:51.1361628Z"
}
