{
  "Live": 0.00000000000083707,
  "Minute": 0.00000000000083707,
  "Minute_Fluctuation": 0.374160715751457,
  "Minute_5": 0.00000000000113987222836905,
  "Minute_5_Fluctuation": 0.661641558640154,
  "Minute_10": 0.00000000000121726612733224,
  "Minute_10_Fluctuation": 0.6242269610623532,
  "Hour": 0.00000000000123222588818016,
  "Hour_Fluctuation": 0.584229719880188,
  "Day": 0.00000000000123222588818016,
  "Day_Fluctuation": 0.5842297198801879,
  "Week": 0.00000000000123222588818016,
  "Week_Fluctuation": 0.5842297198801879,
  "Duration": "00:21:27.3959577",
  "Updated": "2018-04-28T14:37:38.0860949Z"
}
