{
  "Live": 0.00000000000006196,
  "Minute": 0.00000000000006196,
  "Minute_Fluctuation": 0.2560038424591739,
  "Minute_5": 0.00000000000008392351706072,
  "Minute_5_Fluctuation": 0.18730738269323646,
  "Minute_10": 0.0000000000000904561414029053,
  "Minute_10_Fluctuation": 0.13902475601597175,
  "Hour": 0.0000000000000937005223639872,
  "Hour_Fluctuation": 0.11430903085574415,
  "Day": 0.0000000000000937005223639872,
  "Day_Fluctuation": 0.11430903085574418,
  "Week": 0.0000000000000937005223639872,
  "Week_Fluctuation": 0.11430903085574415,
  "Duration": "00:21:27.3959577",
  "Updated": "2018-04-28T14:37:39.4542169Z"
}
