{
  "Live": 0.00000000009624,
  "Minute": 0.00000000009624,
  "Minute_Fluctuation": 0.020248065302660833,
  "Minute_5": 0.0000000000899097916107732,
  "Minute_5_Fluctuation": 0.12447601244353945,
  "Minute_10": 0.0000000000836662429377377,
  "Minute_10_Fluctuation": 0.12626227438611104,
  "Hour": 0.0000000000788372104560232,
  "Hour_Fluctuation": 0.035571606536866342,
  "Day": 0.0000000000789300129539544,
  "Day_Fluctuation": 0.0016826560017163214,
  "Week": 0.000000000078929564465095,
  "Week_Fluctuation": 0.0016718414569434853,
  "Duration": "1.00:20:21.0970095",
  "Updated": "2018-04-28T14:35:56.9674738Z"
}
