{
  "Live": 0.00000000000009216,
  "Minute": 0.00000000000009216,
  "Minute_Fluctuation": 0.064935064935064832,
  "Minute_5": 0.000000000000087078234695948,
  "Minute_5_Fluctuation": 0.26191105973574125,
  "Minute_10": 0.0000000000000753391206690888,
  "Minute_10_Fluctuation": 0.25989461936150871,
  "Hour": 0.0000000000000680561493109366,
  "Hour_Fluctuation": 0.20276004378977175,
  "Day": 0.0000000000000680561493109366,
  "Day_Fluctuation": 0.2027600437897718,
  "Week": 0.0000000000000680561493109366,
  "Week_Fluctuation": 0.20276004378977175,
  "Duration": "00:21:27.3959577",
  "Updated": "2018-04-28T14:36:36.6550225Z"
}
