{
  "Live": 0.00000000000073158,
  "Minute": 0.00000000000073158,
  "Minute_Fluctuation": 0.0,
  "Minute_5": 0.000000000000728103245366576,
  "Minute_5_Fluctuation": 0.013599658491211484,
  "Minute_10": 0.000000000000719173132732542,
  "Minute_10_Fluctuation": 0.03225667216934313,
  "Hour": 0.000000000000714002681503172,
  "Hour_Fluctuation": 0.037053281645774962,
  "Day": 0.000000000000714002681503172,
  "Day_Fluctuation": 0.037053281645774962,
  "Week": 0.000000000000714002681503172,
  "Week_Fluctuation": 0.037053281645774962,
  "Duration": "00:21:27.3959577",
  "Updated": "2018-04-28T14:08:17.2944264Z"
}
