{
  "Live": 0.00000000000883,
  "Minute": 0.00000000000883,
  "Minute_Fluctuation": 0.00338600451467274,
  "Minute_5": 0.00000000000867688484644754,
  "Minute_5_Fluctuation": 0.037009591377316159,
  "Minute_10": 0.00000000000862494584131707,
  "Minute_10_Fluctuation": 0.043249407243089885,
  "Hour": 0.00000000000916463230955156,
  "Hour_Fluctuation": 0.02802098539907499,
  "Day": 0.00000000000946448358280044,
  "Day_Fluctuation": 0.0016260277994869224,
  "Week": 0.00000000000946457211660205,
  "Week_Fluctuation": 0.0016168238393996072,
  "Duration": "1.00:20:21.0970095",
  "Updated": "2018-04-28T14:35:42.1405386Z"
}
