{
  "Live": 0.00000032793,
  "Minute": 0.00000032793,
  "Minute_Fluctuation": 0.078563601112703343,
  "Minute_5": 0.000000319797841167263,
  "Minute_5_Fluctuation": 0.16693848196407512,
  "Minute_10": 0.000000305643572607325,
  "Minute_10_Fluctuation": 0.14173339340189092,
  "Hour": 0.00000031339398916131,
  "Hour_Fluctuation": 0.0384704628493617,
  "Day": 0.000000320751139032335,
  "Day_Fluctuation": 0.0017972624237423674,
  "Week": 0.000000320753062013029,
  "Week_Fluctuation": 0.0017846556121665755,
  "Duration": "1.00:20:21.0970095",
  "Updated": "2018-04-28T14:38:09.5045783Z"
}
