{
  "Live": 0.00000000000021,
  "Minute": 0.00000000000021,
  "Minute_Fluctuation": 0.16666666666666666,
  "Minute_5": 0.000000000000274922337889595,
  "Minute_5_Fluctuation": 0.33824057373047384,
  "Minute_10": 0.000000000000302311591456534,
  "Minute_10_Fluctuation": 0.2915076790104435,
  "Hour": 0.000000000000322756168167654,
  "Hour_Fluctuation": 0.079105904037924224,
  "Day": 0.000000000000329649540320128,
  "Day_Fluctuation": 0.003627032798678184,
  "Week": 0.000000000000329651456200757,
  "Week_Fluctuation": 0.0036010902254910385,
  "Duration": "1.00:19:00.5879130",
  "Updated": "2018-04-28T14:15:27.1986529Z"
}
