{
  "Live": 0.00000000018055,
  "Minute": 0.00000000018055,
  "Minute_Fluctuation": 1.4317028048896214E-16,
  "Minute_5": 0.000000000218168150774607,
  "Minute_5_Fluctuation": 0.30591876170358157,
  "Minute_10": 0.00000000025287401257503,
  "Minute_10_Fluctuation": 0.28037718075207024,
  "Hour": 0.000000000260957520077729,
  "Hour_Fluctuation": 0.078123848839815768,
  "Day": 0.000000000256487582876037,
  "Day_Fluctuation": 0.0035984793165448645,
  "Week": 0.000000000256486962948483,
  "Week_Fluctuation": 0.0035740720919467546,
  "Duration": "1.00:19:00.5879130",
  "Updated": "2018-04-28T14:08:27.2642679Z"
}
