{
  "Live": 0.00000000000014,
  "Minute": 0.00000000000014,
  "Minute_Fluctuation": 0.066666666666666555,
  "Minute_5": 0.000000000000134291966532858,
  "Minute_5_Fluctuation": 0.10990841503795482,
  "Minute_10": 0.000000000000138562446856212,
  "Minute_10_Fluctuation": 0.12174136564325427,
  "Hour": 0.000000000000161655933524322,
  "Hour_Fluctuation": 0.056288834367223192,
  "Day": 0.000000000000169622071788343,
  "Day_Fluctuation": 0.0028032984903385385,
  "Week": 0.000000000000169625213245332,
  "Week_Fluctuation": 0.0027844401451799458,
  "Duration": "1.00:19:00.5879130",
  "Updated": "2018-04-28T14:15:07.915685Z"
}
