{
  "Live": 0.00000000000537,
  "Minute": 0.00000000000537,
  "Minute_Fluctuation": 0.046181172291296646,
  "Minute_5": 0.00000000000766697427988514,
  "Minute_5_Fluctuation": 0.38372134749664888,
  "Minute_10": 0.00000000000855939786822444,
  "Minute_10_Fluctuation": 0.27983964039605891,
  "Hour": 0.000000000009008351318491,
  "Hour_Fluctuation": 0.075792153435538176,
  "Day": 0.00000000000902990103543613,
  "Day_Fluctuation": 0.00356013276111977,
  "Week": 0.00000000000902994382565192,
  "Week_Fluctuation": 0.0035377058329382253,
  "Duration": "1.00:19:00.5879130",
  "Updated": "2018-04-28T14:15:36.4467593Z"
}
