{
  "Live": 0.00000000000000932,
  "Minute": 0.00000000000000932,
  "Minute_Fluctuation": 0.0063965884861407448,
  "Minute_5": 0.0000000000000090728544428226,
  "Minute_5_Fluctuation": 0.057047244412144593,
  "Minute_10": 0.0000000000000088135574096611,
  "Minute_10_Fluctuation": 0.0503841536711032,
  "Hour": 0.0000000000000088650036650645,
  "Hour_Fluctuation": 0.021521154839696119,
  "Day": 0.000000000000009002279270236,
  "Day_Fluctuation": 0.0011228853074620074,
  "Week": 0.0000000000000090023000530415,
  "Week_Fluctuation": 0.0011174741064487684,
  "Duration": "1.00:20:21.0970095",
  "Updated": "2018-04-28T14:38:01.6453372Z"
}
