{
  "Live": 0.00000000005371,
  "Minute": 0.00000000005371,
  "Minute_Fluctuation": 0.0020438498699368291,
  "Minute_5": 0.000000000046890395316166,
  "Minute_5_Fluctuation": 0.24820588803396798,
  "Minute_10": 0.0000000000433246254205701,
  "Minute_10_Fluctuation": 0.19930460374360062,
  "Hour": 0.0000000000421855784740211,
  "Hour_Fluctuation": 0.056640351163216196,
  "Day": 0.0000000000421986193691615,
  "Day_Fluctuation": 0.0026421863440695644,
  "Week": 0.0000000000421986208765092,
  "Week_Fluctuation": 0.0026255579586371715,
  "Duration": "1.00:19:00.5879130",
  "Updated": "2018-04-28T14:15:44.7826657Z"
}
