{
  "Live": 0.00000000000763,
  "Minute": 0.00000000000763,
  "Minute_Fluctuation": 0.39348171701112877,
  "Minute_5": 0.00000000000940696119627883,
  "Minute_5_Fluctuation": 0.36021696295333061,
  "Minute_10": 0.0000000000087903787640583,
  "Minute_10_Fluctuation": 0.21636356298040071,
  "Hour": 0.00000000000845874850825589,
  "Hour_Fluctuation": 0.046309190590832557,
  "Day": 0.00000000000847813150812535,
  "Day_Fluctuation": 0.0020713275969107877,
  "Week": 0.00000000000847811155963978,
  "Week_Fluctuation": 0.0020527997692176897,
  "Duration": "1.00:20:21.0970095",
  "Updated": "2018-04-28T14:38:05.9579966Z"
}
