{
  "Live": 0.0000000000001204,
  "Minute": 0.0000000000001204,
  "Minute_Fluctuation": 0.0021641418345263092,
  "Minute_5": 0.000000000000125095037461581,
  "Minute_5_Fluctuation": 0.087135149610943513,
  "Minute_10": 0.000000000000133775797560856,
  "Minute_10_Fluctuation": 0.0966633178198977,
  "Hour": 0.000000000000144409739283063,
  "Hour_Fluctuation": 0.029553420956197677,
  "Day": 0.000000000000146208967709326,
  "Day_Fluctuation": 0.0013901306104838816,
  "Week": 0.000000000000146210094861496,
  "Week_Fluctuation": 0.0013799525456115423,
  "Duration": "1.00:19:00.5879130",
  "Updated": "2018-04-28T14:14:58.8203774Z"
}
