{
  "Live": 0.00000000000021982,
  "Minute": 0.00000000000021982,
  "Minute_Fluctuation": 0.50407115976736239,
  "Minute_5": 0.000000000000180844104999992,
  "Minute_5_Fluctuation": 0.40363111154296294,
  "Minute_10": 0.000000000000154460872343442,
  "Minute_10_Fluctuation": 0.342799271597699,
  "Hour": 0.000000000000144566886677804,
  "Hour_Fluctuation": 0.089804126474006318,
  "Day": 0.000000000000148490500440078,
  "Day_Fluctuation": 0.0041813301444115223,
  "Week": 0.000000000000148490114561994,
  "Week_Fluctuation": 0.0041600658736439733,
  "Duration": "1.00:19:00.5879130",
  "Updated": "2018-04-28T14:15:00.3200645Z"
}
