{
  "Live": 0.00000000001447,
  "Minute": 0.00000000001447,
  "Minute_Fluctuation": 0.047791455467052921,
  "Minute_5": 0.00000000001524559149248,
  "Minute_5_Fluctuation": 0.0847002839100602,
  "Minute_10": 0.0000000000156482397130395,
  "Minute_10_Fluctuation": 0.07852051798329554,
  "Hour": 0.0000000000149541807348642,
  "Hour_Fluctuation": 0.03402487537252067,
  "Day": 0.0000000000144656799167006,
  "Day_Fluctuation": 0.001833692610741887,
  "Week": 0.000000000014465570515671,
  "Week_Fluctuation": 0.0018255237468570724,
  "Duration": "1.00:19:00.5879130",
  "Updated": "2018-04-28T14:15:46.0787443Z"
}
