{
  "Live": 0.00000000000018336,
  "Minute": 0.00000000000018336,
  "Minute_Fluctuation": 0.417658883562703,
  "Minute_5": 0.000000000000155224237610193,
  "Minute_5_Fluctuation": 0.26874458692218106,
  "Minute_10": 0.000000000000138469768968962,
  "Minute_10_Fluctuation": 0.17852921525450954,
  "Hour": 0.000000000000127465116137593,
  "Hour_Fluctuation": 0.039700111705595648,
  "Day": 0.000000000000126667889775561,
  "Day_Fluctuation": 0.0017728263826533117,
  "Week": 0.00000000000012666703248834,
  "Week_Fluctuation": 0.0017588406066174635,
  "Duration": "1.00:19:00.5879130",
  "Updated": "2018-04-28T14:15:11.0391582Z"
}
