{
  "Live": 0.00000000007697,
  "Minute": 0.00000000007697,
  "Minute_Fluctuation": 1.6791863155958242E-16,
  "Minute_5": 0.0000000000752904673167361,
  "Minute_5_Fluctuation": 0.029332497576175537,
  "Minute_10": 0.0000000000740218583203302,
  "Minute_10_Fluctuation": 0.020950966224619817,
  "Hour": 0.0000000000723749046817951,
  "Hour_Fluctuation": 0.00610516805276274,
  "Day": 0.0000000000719212898417946,
  "Day_Fluctuation": 0.00029508757178155676,
  "Week": 0.0000000000719211081334551,
  "Week_Fluctuation": 0.0002925731454546201,
  "Duration": "1.00:19:00.5879130",
  "Updated": "2018-04-28T14:08:26.2790192Z"
}
