{
  "Live": 0.0000000000204,
  "Minute": 0.0000000000204,
  "Minute_Fluctuation": 0.19968615143193402,
  "Minute_5": 0.000000000023314233795091,
  "Minute_5_Fluctuation": 0.083852970063438947,
  "Minute_10": 0.000000000023685581635847,
  "Minute_10_Fluctuation": 0.063328633463573925,
  "Hour": 0.0000000000254774967358843,
  "Hour_Fluctuation": 0.028283840729543978,
  "Day": 0.000000000026298392108522,
  "Day_Fluctuation": 0.0015705521215303036,
  "Week": 0.0000000000262986644033685,
  "Week_Fluctuation": 0.0015603311889812021,
  "Duration": "1.00:20:21.0970095",
  "Updated": "2018-04-28T14:38:15.2899049Z"
}
