{
  "Live": 0.00000000000038,
  "Minute": 0.00000000000038,
  "Minute_Fluctuation": 0.0555555555555556,
  "Minute_5": 0.000000000000390942692722678,
  "Minute_5_Fluctuation": 0.05481580237147525,
  "Minute_10": 0.000000000000399933306237401,
  "Minute_10_Fluctuation": 0.055405431901371489,
  "Hour": 0.000000000000383055584651857,
  "Hour_Fluctuation": 0.03081356042032702,
  "Day": 0.000000000000370656402869663,
  "Day_Fluctuation": 0.0018029252705367314,
  "Week": 0.0000000000003706537558593,
  "Week_Fluctuation": 0.0017954530441208971,
  "Duration": "1.00:19:00.5879130",
  "Updated": "2018-04-28T14:15:39.5759352Z"
}
