{
  "Live": 0.00000000000003052,
  "Minute": 0.00000000000003052,
  "Minute_Fluctuation": 0.09234073013600573,
  "Minute_5": 0.0000000000000334314961383162,
  "Minute_5_Fluctuation": 0.19083633910331033,
  "Minute_10": 0.0000000000000465852110091204,
  "Minute_10_Fluctuation": 0.43525876756471693,
  "Hour": 0.000000000000114915609333757,
  "Hour_Fluctuation": 0.20684085848573344,
  "Day": 0.000000000000144800018901903,
  "Day_Fluctuation": 0.010239224279604681,
  "Week": 0.000000000000144809022101716,
  "Week_Fluctuation": 0.010177846985573046,
  "Duration": "1.00:19:00.5879130",
  "Updated": "2018-04-28T14:15:33.123121Z"
}
