{
  "Live": 0.00000000000002474,
  "Minute": 0.00000000000002474,
  "Minute_Fluctuation": 0.097738876732312213,
  "Minute_5": 0.0000000000000245864587250898,
  "Minute_5_Fluctuation": 0.13660047795494629,
  "Minute_10": 0.0000000000000231554966066591,
  "Minute_10_Fluctuation": 0.12531692594627458,
  "Hour": 0.0000000000000221323821777632,
  "Hour_Fluctuation": 0.037946805136003514,
  "Day": 0.0000000000000220237821981796,
  "Day_Fluctuation": 0.0018172189605133416,
  "Week": 0.0000000000000220236993052756,
  "Week_Fluctuation": 0.00180498381196024,
  "Duration": "1.00:20:21.0970095",
  "Updated": "2018-04-28T14:37:58.1733481Z"
}
