{
  "Live": 0.00000000001183,
  "Minute": 0.00000000001183,
  "Minute_Fluctuation": 0.0042444821731748034,
  "Minute_5": 0.0000000000104931747126849,
  "Minute_5_Fluctuation": 0.20853099528015037,
  "Minute_10": 0.00000000000962682440901278,
  "Minute_10_Fluctuation": 0.15164193075229315,
  "Hour": 0.00000000000895594575853086,
  "Hour_Fluctuation": 0.037678734565434434,
  "Day": 0.0000000000088823900011794,
  "Day_Fluctuation": 0.001714763988585179,
  "Week": 0.00000000000888232663960086,
  "Week_Fluctuation": 0.0017017114773374626,
  "Duration": "1.00:19:00.5879130",
  "Updated": "2018-04-28T14:15:09.5241907Z"
}
