{
  "Live": 0.00000006135008,
  "Minute": 0.00000006135008,
  "Minute_Fluctuation": 0.034580692268472719,
  "Minute_5": 0.0000000657650154492145,
  "Minute_5_Fluctuation": 0.10389274560175585,
  "Minute_10": 0.000000070027818816695,
  "Minute_10_Fluctuation": 0.108200642212257,
  "Hour": 0.0000000758849796929899,
  "Hour_Fluctuation": 0.039009462545179042,
  "Day": 0.0000000774051820184469,
  "Day_Fluctuation": 0.0019081293558321417,
  "Week": 0.0000000774058209763903,
  "Week_Fluctuation": 0.0018970989180606362,
  "Duration": "1.00:19:00.5879130",
  "Updated": "2018-04-28T14:15:19.3080632Z"
}
