{
  "Live": 0.00000000001295,
  "Minute": 0.00000000001295,
  "Minute_Fluctuation": 0.15690104166666666,
  "Minute_5": 0.0000000000177685373575782,
  "Minute_5_Fluctuation": 0.38129578105138939,
  "Minute_10": 0.0000000000187629599256281,
  "Minute_10_Fluctuation": 0.27096068547839253,
  "Hour": 0.0000000000188741806010326,
  "Hour_Fluctuation": 0.067368430267220933,
  "Day": 0.0000000000189926074626325,
  "Day_Fluctuation": 0.003085749642271254,
  "Week": 0.000000000018992604612948,
  "Week_Fluctuation": 0.0030636577516349292,
  "Duration": "1.00:19:00.5879130",
  "Updated": "2018-04-28T14:14:57.6453117Z"
}
