{
  "Live": 0.00000000000841,
  "Minute": 0.00000000000841,
  "Minute_Fluctuation": 0.0023837902264603021,
  "Minute_5": 0.00000000000821706108166873,
  "Minute_5_Fluctuation": 0.042777364606743667,
  "Minute_10": 0.0000000000081550940371171,
  "Minute_10_Fluctuation": 0.048075804728298942,
  "Hour": 0.0000000000086750478035477,
  "Hour_Fluctuation": 0.028629276650538337,
  "Day": 0.00000000000896500531252783,
  "Day_Fluctuation": 0.0016589240210813008,
  "Week": 0.00000000000896509128329599,
  "Week_Fluctuation": 0.0016494888907767939,
  "Duration": "1.00:20:21.0970095",
  "Updated": "2018-04-28T14:37:53.5405218Z"
}
