{
  "Live": 0.00000000000094,
  "Minute": 0.00000000000094,
  "Minute_Fluctuation": 0.0,
  "Minute_5": 0.00000000000110571253830311,
  "Minute_5_Fluctuation": 0.17358544978414295,
  "Minute_10": 0.00000000000122852024191974,
  "Minute_10_Fluctuation": 0.12334923860556168,
  "Hour": 0.00000000000137169130116638,
  "Hour_Fluctuation": 0.032940549946145453,
  "Day": 0.00000000000140830115732905,
  "Day_Fluctuation": 0.0015468182441639713,
  "Week": 0.00000000000140831632707816,
  "Week_Fluctuation": 0.0015350786006127553,
  "Duration": "1.00:19:00.5879130",
  "Updated": "2018-04-28T14:08:27.37131Z"
}
