{
  "Live": 0.00000000000019,
  "Minute": 0.00000000000019,
  "Minute_Fluctuation": 0.17391304347826081,
  "Minute_5": 0.000000000000193650317281591,
  "Minute_5_Fluctuation": 0.080058945220600961,
  "Minute_10": 0.000000000000185128188207731,
  "Minute_10_Fluctuation": 0.11713863461970565,
  "Hour": 0.000000000000165734818918355,
  "Hour_Fluctuation": 0.048857978054684906,
  "Day": 0.000000000000160253323845136,
  "Day_Fluctuation": 0.0023804034057583888,
  "Week": 0.000000000000160250968624328,
  "Week_Fluctuation": 0.0023635323873100575,
  "Duration": "1.00:19:00.5879130",
  "Updated": "2018-04-28T14:15:04.9461421Z"
}
