{
  "Live": 0.00000000011056,
  "Minute": 0.00000000011056,
  "Minute_Fluctuation": 0.15346896191966622,
  "Minute_5": 0.000000000112763971796754,
  "Minute_5_Fluctuation": 0.14038708222884869,
  "Minute_10": 0.000000000126138851402288,
  "Minute_10_Fluctuation": 0.17361893350740562,
  "Hour": 0.000000000143857169086911,
  "Hour_Fluctuation": 0.050987048961586588,
  "Day": 0.000000000147898604181924,
  "Day_Fluctuation": 0.0023618541978494435,
  "Week": 0.000000000147900395542263,
  "Week_Fluctuation": 0.0023446534738370277,
  "Duration": "1.00:19:00.5879130",
  "Updated": "2018-04-28T14:15:06.3115881Z"
}
