{
  "Live": 0.00000000005138,
  "Minute": 0.00000000005138,
  "Minute_Fluctuation": 0.22801147227533461,
  "Minute_5": 0.00000000004652215856426,
  "Minute_5_Fluctuation": 0.11190627543642448,
  "Minute_10": 0.00000000004418107928213,
  "Minute_10_Fluctuation": 0.05595313771821224,
  "Hour": 0.000000000042230179880355,
  "Hour_Fluctuation": 0.0093255229530353721,
  "Day": 0.0000000000418562574950148,
  "Day_Fluctuation": 0.00038856345637647386,
  "Week": 0.0000000000418562574950148,
  "Week_Fluctuation": 0.00038856345637647386,
  "Duration": "1.00:02:27.2376907",
  "Updated": "2018-04-28T14:15:47.19516Z"
}
