{
  "Live": 0.00000000002492,
  "Minute": 0.00000000002492,
  "Minute_Fluctuation": 0.12897588255854595,
  "Minute_5": 0.0000000000221839956108928,
  "Minute_5_Fluctuation": 0.33786684158372232,
  "Minute_10": 0.0000000000197005191493614,
  "Minute_10_Fluctuation": 0.28376855895207881,
  "Hour": 0.000000000019428147664936,
  "Hour_Fluctuation": 0.064730877835642769,
  "Day": 0.0000000000200072079696404,
  "Day_Fluctuation": 0.0031308243531467856,
  "Week": 0.0000000000200072758376514,
  "Week_Fluctuation": 0.0031109393527256283,
  "Duration": "1.00:19:00.5879130",
  "Updated": "2018-04-28T14:15:42.5377093Z"
}
