{
  "Live": 0.0000000000087,
  "Minute": 0.0000000000087,
  "Minute_Fluctuation": 0.726190476190476,
  "Minute_5": 0.00000000000670406927464157,
  "Minute_5_Fluctuation": 0.66290278510358192,
  "Minute_10": 0.00000000000534474931921261,
  "Minute_10_Fluctuation": 0.56888152010589377,
  "Hour": 0.00000000000534681845858907,
  "Hour_Fluctuation": 0.13059147413037708,
  "Day": 0.00000000000582310259440674,
  "Day_Fluctuation": 0.006246321967349539,
  "Week": 0.00000000000582315703615869,
  "Week_Fluctuation": 0.00621821843102343,
  "Duration": "1.00:19:00.5879130",
  "Updated": "2018-04-28T14:15:29.0064249Z"
}
