{
  "Live": 0.00000000000116337,
  "Minute": 0.00000000000116337,
  "Minute_Fluctuation": 0.15781250000000002,
  "Minute_5": 0.00000000000121435635367312,
  "Minute_5_Fluctuation": 0.25620094724060111,
  "Minute_10": 0.00000000000129259197496637,
  "Minute_10_Fluctuation": 0.26395253516983214,
  "Hour": 0.00000000000137262927349391,
  "Hour_Fluctuation": 0.080292884642085241,
  "Day": 0.00000000000140557730910112,
  "Day_Fluctuation": 0.0038299642263959844,
  "Week": 0.0000000000014055839022657,
  "Week_Fluctuation": 0.0038048685117984256,
  "Duration": "1.00:19:00.5879130",
  "Updated": "2018-04-28T14:15:17.2736096Z"
}
