{
  "Live": 0.00000000000219,
  "Minute": 0.00000000000219,
  "Minute_Fluctuation": 0.41286863270777469,
  "Minute_5": 0.00000000000338397173661321,
  "Minute_5_Fluctuation": 0.33551073594459235,
  "Minute_10": 0.00000000000401587771122921,
  "Minute_10_Fluctuation": 0.21389661337873977,
  "Hour": 0.00000000000500181390049626,
  "Hour_Fluctuation": 0.060845815366260922,
  "Day": 0.00000000000534323295088121,
  "Day_Fluctuation": 0.0031159707506815582,
  "Week": 0.00000000000534334645991236,
  "Week_Fluctuation": 0.0030949163123890873,
  "Duration": "1.00:19:00.5879130",
  "Updated": "2018-04-28T14:15:01.6668054Z"
}
