{
  "Live": 0.00000000000153,
  "Minute": 0.00000000000153,
  "Minute_Fluctuation": 0.27488151658767779,
  "Minute_5": 0.00000000000142044148695643,
  "Minute_5_Fluctuation": 0.39483241838183247,
  "Minute_10": 0.00000000000160990292954284,
  "Minute_10_Fluctuation": 0.32692891444330197,
  "Hour": 0.00000000000211227947753452,
  "Hour_Fluctuation": 0.11725861363694305,
  "Day": 0.00000000000225354390631968,
  "Day_Fluctuation": 0.0057303096800843658,
  "Week": 0.00000000000225360559176348,
  "Week_Fluctuation": 0.0056959398117345812,
  "Duration": "1.00:19:00.5879130",
  "Updated": "2018-04-28T14:15:30.7096728Z"
}
