{
  "Live": 0.00000000000014768,
  "Minute": 0.00000000000014768,
  "Minute_Fluctuation": 0.13312360929947054,
  "Minute_5": 0.000000000000161551648873643,
  "Minute_5_Fluctuation": 0.20916012126492606,
  "Minute_10": 0.000000000000178790525006611,
  "Minute_10_Fluctuation": 0.24304142673227419,
  "Hour": 0.000000000000209989420859104,
  "Hour_Fluctuation": 0.088109196593332731,
  "Day": 0.000000000000220508067867633,
  "Day_Fluctuation": 0.0042929367083197889,
  "Week": 0.000000000000220511672288867,
  "Week_Fluctuation": 0.0042669432842310628,
  "Duration": "1.00:19:00.5879130",
  "Updated": "2018-04-28T14:15:12.4557859Z"
}
